0
69.77083333333333 67.52450980392157 67.96446078431373 71.02328431372548 
69.21078431372548 65.20220588235294 66.5845588235294 71.51470588235294 
69.24754901960785 65.25735294117646 67.25490196078431 72.04289215686275 
69.0625 67.9828431372549 69.125 71.68627450980392 
1
142.22393822393823 132.8957528957529 121.47490347490347 121.3088803088803 
140.65637065637065 132.3050193050193 115.64478764478764 117.98455598455598 
140.35135135135135 132.65637065637065 114.55598455598455 120.67953667953668 
145.59073359073358 136.35907335907336 121.52509652509653 126.43243243243244 
2
181.42341463414635 182.0741463414634 182.95804878048781 182.14829268292684 
181.28585365853658 182.99121951219513 184.46829268292683 182.66439024390243 
178.41365853658536 180.46731707317073 182.61170731707318 180.80780487804878 
178.82829268292684 180.13463414634145 182.16390243902438 181.06926829268292 
3
209.51753507014027 210.72945891783567 210.4864729458918 210.1112224448898 
210.11673346693388 211.5065130260521 211.20541082164328 210.499498997996 
209.8622244488978 211.0691382765531 210.92384769539078 210.10971943887776 
209.15280561122245 209.90531062124248 209.78507014028057 209.20591182364728 
