0
52.943231441048034 52.0174672489083 
53.695778748180494 49.90684133915575 
1
61.174560216508794 63.65223274695534 
62.215832205683355 64.49729364005412 
2
76.47362869198312 70.38291139240506 
73.23628691983123 70.9746835443038 
3
104.30210772833723 104.46838407494145 
102.64871194379391 104.65105386416862 
4
73.2484076433121 162.79617834394904 
74.78343949044586 172.46496815286625 
5
133.23324396782843 134.62734584450402 
139.0455764075067 140.28418230563003 
6
184.20670391061452 91.98882681564245 
175.49720670391062 84.89385474860335 
7
116.83216783216783 185.95104895104896 
156.74125874125875 206.53846153846155 
8
174.56997742663657 170.15801354401805 
173.98306997742662 168.2821670428894 
9
172.10281690140846 174.1605633802817 
187.99859154929578 190.54225352112675 
10
181.22093023255815 186.5 
108.97674418604652 116.40697674418605 
11
190.53617498597868 188.84296130117778 
185.87268648345486 183.99663488502523 
12
198.5990663900415 199.09439834024897 
199.2759336099585 199.84854771784234 
13
209.57222665602555 209.5533386538973 
209.22133546155894 209.12529928172387 
14
218.04728220402086 218.08339538346985 
218.31459419210722 218.1463142218913 
15
237.85064935064935 236.21428571428572 
235.07792207792207 238.9090909090909 
