0
57.75 62.65625 
21.7109375 68.109375 
1
53.85602503912363 53.1283255086072 
54.381846635367765 54.58372456964006 
2
56.13475177304964 42.858156028368796 
74.29787234042553 35.00709219858156 
3
62.239263803680984 64.44171779141104 
63.1270815074496 62.501314636283965 
4
70.51022727272728 69.29204545454546 
70.51818181818182 70.51022727272728 
5
86.33333333333333 84.77366255144032 
92.66255144032922 89.84362139917695 
6
139.98958333333334 67.51041666666667 
116.16666666666667 62.40625 
7
109.82333333333334 112.02333333333333 
107.11333333333333 110.76666666666667 
8
63.711711711711715 125.69369369369369 
70.990990990991 146.05405405405406 
9
88.25 193.61458333333334 
82.84375 194.77083333333334 
10
134.26198083067092 137.26517571884983 
137.17252396166134 138.40575079872204 
11
176.23529411764707 174.23529411764707 
88.76470588235294 89.03921568627452 
12
191.07070707070707 88.87878787878788 
182.3939393939394 79.79797979797979 
13
121.18181818181819 124.0 
191.76623376623377 196.05194805194805 
14
117.19753086419753 202.33333333333334 
153.12345679012347 202.93827160493828 
15
163.17006802721087 161.45578231292518 
167.72448979591837 165.25510204081633 
16
184.65151515151516 115.36363636363636 
192.54545454545453 141.36363636363637 
17
194.56571428571428 179.99428571428572 
190.53142857142856 172.6942857142857 
18
175.44212218649517 176.78295819935693 
173.7668810289389 175.5305466237942 
19
172.58267716535434 170.53280839895012 
190.47769028871392 188.9028871391076 
20
191.26666666666668 199.11111111111111 
149.33333333333334 150.23333333333332 
21
186.4492099322799 189.3668171557562 
180.9762979683973 185.00677200902933 
22
221.68852459016392 177.08196721311475 
216.9344262295082 139.0655737704918 
23
188.2565632458234 188.41408114558473 
194.03341288782815 193.44630071599045 
24
193.126213592233 225.48543689320388 
164.7378640776699 213.96116504854368 
25
198.35971943887776 198.72845691382764 
196.37374749498997 196.55410821643287 
26
203.5912 202.4192 
204.6344 203.8248 
27
208.80503778337533 208.72896725440805 
208.7919395465995 208.6080604534005 
28
212.2659151193634 212.70689655172413 
212.48607427055703 213.0450928381963 
29
216.7399829497016 216.83802216538788 
216.47144075021313 215.75788576300084 
30
220.4213036565978 220.5310015898251 
221.09379968203498 221.21303656597775 
31
241.112 237.352 
241.104 239.344 
