0
93.575 92.425 87.75 84.475 83.95 85.35 87.15 82.825 78.375 77.45 73.625 75.125 75.625 72.975 73.5 77.3 
91.675 88.625 82.775 83.925 83.55 82.675 83.725 77.675 76.9 71.15 72.475 75.85 73.725 70.175 73.35 77.525 
84.875 80.125 77.025 79.975 78.475 75.5 74.95 72.05 70.05 68.975 68.825 70.075 68.9 72.0 72.375 73.525 
84.75 81.175 80.5 78.125 70.725 69.175 67.775 68.975 68.475 66.4 67.425 66.25 66.5 68.9 68.825 66.225 
83.45 82.35 78.75 71.85 65.35 68.1 69.65 66.95 66.775 64.3 62.175 65.025 66.25 64.9 64.25 66.95 
85.825 80.225 69.375 65.075 73.075 71.5 69.325 68.125 65.65 65.65 66.0 65.6 64.975 64.425 64.15 61.725 
86.0 77.475 66.35 69.2 71.375 67.175 67.225 66.75 67.525 67.175 67.275 65.8 66.225 62.7 62.65 62.85 
80.325 73.775 71.125 68.775 65.225 65.675 65.0 67.35 64.25 67.425 68.125 63.3 64.4 61.675 61.225 64.1 
78.75 72.9 73.125 71.175 68.65 64.1 64.75 67.625 71.475 68.25 61.625 63.825 65.4 67.2 68.75 69.3 
79.725 73.625 73.6 70.45 69.875 64.2 67.925 73.525 70.375 67.1 63.35 66.2 66.425 67.775 66.4 72.725 
77.5 73.75 73.025 72.9 68.275 65.7 69.8 72.375 68.875 64.325 64.2 67.575 68.45 69.2 65.6 74.125 
75.625 73.35 73.025 72.75 68.5 69.925 68.55 66.675 65.9 67.575 67.225 68.7 69.225 68.3 69.775 76.525 
76.075 73.525 73.1 69.975 71.8 70.8 66.775 65.65 65.6 68.625 68.95 68.675 68.925 66.65 72.65 79.025 
74.475 74.3 72.175 72.275 69.375 67.625 65.45 67.125 68.025 67.675 67.825 68.325 67.85 66.275 73.0 78.55 
76.675 76.0 75.125 72.875 67.35 65.1 66.2 66.15 68.625 67.5 68.525 69.15 67.85 68.275 71.85 78.675 
77.175 80.725 76.225 69.6 66.4 65.975 67.125 66.425 68.075 66.625 67.95 69.8 69.75 72.6 73.825 80.05 
1
89.625 64.75 81.625 76.5 60.875 74.0 79.125 63.625 71.125 114.125 147.375 155.5 158.625 168.125 182.0 187.625 
77.25 84.5 79.625 56.75 63.75 84.375 64.5 65.0 76.875 123.0 154.75 160.0 161.625 173.625 188.25 189.5 
78.75 86.125 73.25 53.875 66.375 79.875 63.75 72.25 98.5 130.75 148.625 158.75 162.625 179.0 189.0 184.125 
81.25 73.625 60.25 62.875 64.5 77.625 75.375 76.375 109.625 138.0 139.25 157.25 166.5 185.5 188.5 180.0 
76.125 63.0 60.5 54.25 63.75 93.625 82.5 85.875 125.0 137.875 141.25 159.875 176.5 192.0 190.5 185.0 
59.0 67.875 60.0 61.375 82.875 93.25 88.75 104.25 135.25 133.125 140.875 153.0 184.625 191.0 187.875 189.625 
70.875 70.375 62.625 69.625 93.5 91.875 100.5 121.0 130.5 128.25 136.875 151.375 189.875 191.75 190.625 194.5 
67.0 63.125 68.25 59.375 96.375 99.0 106.875 130.875 130.5 136.5 138.0 163.125 189.875 198.875 199.875 197.5 
67.25 66.25 64.25 57.75 91.0 83.625 110.875 133.375 141.75 153.75 174.75 198.875 205.125 206.875 201.75 194.375 
71.0 71.875 77.0 69.875 84.25 88.375 122.625 162.375 170.25 173.125 185.875 210.75 210.75 208.375 200.125 194.125 
62.625 61.875 72.625 69.375 79.0 96.375 134.625 165.25 157.875 167.625 183.0 198.875 193.25 189.25 189.75 188.75 
70.25 48.625 56.0 90.875 96.75 95.5 132.0 148.5 148.375 160.75 180.75 184.875 188.0 185.5 185.25 183.25 
69.75 77.5 57.25 110.875 94.75 88.625 128.0 134.375 158.75 166.5 186.5 180.75 186.75 183.625 186.0 184.875 
79.625 83.5 87.875 107.375 79.0 89.0 124.625 116.375 164.375 176.625 192.5 183.5 178.75 170.875 191.25 199.625 
92.75 91.0 89.875 91.0 88.375 78.625 104.875 120.0 167.0 185.0 184.875 185.25 179.75 177.625 203.125 210.0 
119.25 93.75 81.375 69.125 91.5 95.875 90.25 128.0 155.75 186.125 178.875 183.875 177.875 176.75 200.125 199.5 
2
162.71428571428572 170.71428571428572 154.42857142857142 138.0 99.42857142857143 87.57142857142857 81.57142857142857 87.14285714285714 110.57142857142857 125.28571428571429 117.14285714285714 130.28571428571428 129.71428571428572 103.0 93.85714285714286 96.57142857142857 
167.0 181.0 159.71428571428572 139.57142857142858 96.85714285714286 80.42857142857143 78.0 103.42857142857143 125.85714285714286 126.28571428571429 118.71428571428571 137.71428571428572 134.57142857142858 108.71428571428571 87.57142857142857 103.0 
166.14285714285714 177.14285714285714 152.42857142857142 133.85714285714286 96.57142857142857 94.14285714285714 87.71428571428571 105.57142857142857 121.71428571428571 115.14285714285714 119.0 134.42857142857142 128.71428571428572 105.42857142857143 82.0 82.28571428571429 
144.28571428571428 149.42857142857142 124.0 107.0 90.71428571428571 99.85714285714286 88.28571428571429 98.42857142857143 117.42857142857143 106.42857142857143 113.14285714285714 128.14285714285714 109.42857142857143 101.71428571428571 88.57142857142857 76.42857142857143 
140.0 140.42857142857142 112.85714285714286 89.0 92.0 101.0 95.14285714285714 101.57142857142857 113.28571428571429 105.71428571428571 108.28571428571429 137.71428571428572 112.57142857142857 97.0 88.42857142857143 94.28571428571429 
140.0 149.85714285714286 119.14285714285714 96.71428571428571 82.42857142857143 92.14285714285714 87.28571428571429 99.57142857142857 105.42857142857143 105.42857142857143 104.14285714285714 140.14285714285714 140.42857142857142 101.71428571428571 105.85714285714286 94.0 
156.85714285714286 161.71428571428572 119.71428571428571 96.14285714285714 82.42857142857143 90.85714285714286 88.71428571428571 104.85714285714286 105.57142857142857 97.28571428571429 103.57142857142857 128.14285714285714 143.28571428571428 122.0 120.71428571428571 105.28571428571429 
173.0 171.57142857142858 119.71428571428571 82.85714285714286 90.71428571428571 88.57142857142857 95.71428571428571 107.42857142857143 108.0 99.85714285714286 116.14285714285714 128.14285714285714 124.85714285714286 116.85714285714286 116.85714285714286 113.71428571428571 
175.42857142857142 168.14285714285714 116.85714285714286 80.71428571428571 93.0 97.14285714285714 93.0 120.42857142857143 103.57142857142857 96.14285714285714 121.14285714285714 112.0 115.28571428571429 104.28571428571429 112.14285714285714 111.57142857142857 
174.28571428571428 165.0 117.0 82.28571428571429 91.28571428571429 92.28571428571429 96.57142857142857 117.42857142857143 105.14285714285714 86.42857142857143 110.71428571428571 111.14285714285714 116.14285714285714 104.28571428571429 104.42857142857143 104.0 
163.42857142857142 151.57142857142858 95.14285714285714 88.0 94.0 111.42857142857143 121.57142857142857 137.57142857142858 116.57142857142857 106.85714285714286 117.28571428571429 118.14285714285714 122.0 110.57142857142857 109.14285714285714 110.14285714285714 
166.0 148.28571428571428 100.14285714285714 100.14285714285714 92.57142857142857 121.28571428571429 135.14285714285714 140.0 124.28571428571429 123.28571428571429 118.14285714285714 115.71428571428571 117.85714285714286 104.28571428571429 104.85714285714286 102.28571428571429 
167.0 139.14285714285714 98.0 99.14285714285714 92.85714285714286 122.57142857142857 143.0 138.28571428571428 125.42857142857143 132.42857142857142 116.14285714285714 116.28571428571429 114.42857142857143 96.85714285714286 99.85714285714286 102.57142857142857 
164.42857142857142 128.71428571428572 98.14285714285714 94.71428571428571 97.0 119.0 147.85714285714286 139.42857142857142 123.42857142857143 139.0 128.42857142857142 121.28571428571429 105.42857142857143 91.14285714285714 109.0 121.0 
155.28571428571428 117.85714285714286 96.0 96.28571428571429 99.85714285714286 119.14285714285714 148.28571428571428 137.0 122.42857142857143 138.71428571428572 129.85714285714286 117.71428571428571 106.71428571428571 106.28571428571429 112.28571428571429 129.57142857142858 
142.71428571428572 112.57142857142857 94.42857142857143 99.28571428571429 101.71428571428571 124.28571428571429 148.0 133.71428571428572 127.57142857142857 136.28571428571428 121.71428571428571 109.28571428571429 124.57142857142857 121.0 117.14285714285714 137.0 
3
186.9 156.5 159.9 155.9 140.7 159.1 169.0 174.2 193.0 185.4 193.1 212.5 208.4 201.6 206.0 211.5 
169.1 168.3 150.6 154.6 137.0 152.5 165.4 165.5 194.1 186.4 184.6 216.8 206.5 202.3 203.7 206.9 
153.6 158.5 144.9 137.6 132.4 140.2 152.1 148.2 175.4 176.0 187.5 215.9 196.8 189.1 194.0 198.8 
167.0 154.9 159.5 140.9 139.0 133.4 146.6 163.3 156.7 175.6 190.5 205.0 201.4 193.6 197.0 209.1 
151.3 145.3 147.8 140.0 131.1 123.8 126.3 157.4 145.0 167.5 181.9 188.4 189.4 190.6 205.4 209.4 
135.8 146.4 128.4 136.6 121.5 121.2 114.7 138.5 148.5 155.5 173.9 181.5 165.1 173.8 184.0 178.6 
138.3 150.5 126.4 122.4 94.2 104.9 109.4 133.0 140.5 130.1 149.0 158.8 143.7 159.5 159.4 165.8 
148.3 150.3 129.6 123.3 101.7 110.9 108.9 112.2 105.2 89.3 117.6 133.5 133.1 146.6 149.8 156.3 
152.1 143.5 137.0 133.8 114.1 101.1 113.9 99.4 90.3 97.6 99.6 114.5 127.0 139.0 147.4 148.3 
148.5 156.0 136.2 127.6 109.0 90.7 87.7 87.6 89.0 95.8 103.6 113.1 116.6 121.7 133.1 136.1 
162.5 172.3 145.2 138.2 101.9 78.0 75.8 86.5 82.2 85.6 104.4 107.7 110.4 109.8 121.1 130.1 
163.1 176.7 140.9 139.6 110.7 104.8 88.7 84.9 89.6 83.5 104.2 109.9 121.0 125.9 124.8 132.0 
168.4 177.7 149.2 155.0 130.1 112.3 88.8 101.2 95.6 90.7 101.1 111.7 112.5 125.3 122.5 126.7 
176.8 166.6 142.1 152.6 116.1 105.6 106.4 101.9 96.3 98.1 91.9 113.9 107.0 117.9 121.6 126.4 
182.4 158.5 147.5 150.1 122.1 106.1 118.4 103.2 96.2 101.5 99.4 122.4 121.1 118.2 126.1 128.7 
184.2 174.4 170.6 150.1 144.7 138.7 118.7 132.8 118.4 119.6 129.7 140.3 149.7 142.1 154.6 154.2 
4
102.25 129.0 98.75 97.5 113.75 83.0 72.0 107.25 155.25 166.25 166.5 175.75 213.5 174.0 179.25 187.75 
111.5 111.75 116.5 120.5 90.0 71.0 106.5 133.25 176.25 163.25 183.0 188.5 210.5 188.0 200.25 192.25 
87.25 76.75 91.25 121.25 71.5 96.25 119.25 145.25 171.75 170.0 166.0 142.75 172.0 146.25 158.25 184.0 
93.75 86.0 109.25 98.25 112.5 111.0 122.75 142.25 150.25 146.0 133.75 120.0 137.75 111.75 113.0 152.5 
81.0 76.0 111.75 98.5 114.5 124.25 132.75 130.5 158.25 147.25 134.0 133.25 129.5 113.25 107.0 130.25 
91.25 90.25 102.5 139.0 135.5 143.75 126.75 152.25 161.5 166.0 136.0 125.0 131.0 116.25 94.25 127.5 
65.5 100.0 99.5 145.75 126.0 169.25 148.0 171.5 180.25 182.25 160.5 161.25 169.5 151.25 122.5 142.0 
81.5 88.25 87.75 133.75 164.5 188.5 175.25 191.75 203.75 198.5 183.25 186.25 165.25 143.25 129.5 118.75 
75.0 79.75 102.25 118.25 186.5 198.0 177.25 187.75 203.0 193.5 186.5 191.0 156.5 141.5 137.0 141.75 
82.0 90.75 88.5 130.25 201.0 217.75 174.75 170.25 196.5 184.75 176.25 174.75 173.75 167.75 142.75 125.0 
73.75 79.75 114.5 154.75 215.0 211.75 179.0 172.0 193.0 180.0 184.25 187.5 184.0 177.0 138.0 128.75 
90.0 94.75 87.0 137.25 205.0 207.25 192.5 201.25 203.75 199.0 201.0 203.75 194.25 193.25 164.75 152.25 
96.0 99.75 94.5 134.5 202.0 207.75 200.0 184.0 205.5 204.75 203.5 189.5 179.5 172.0 158.75 122.0 
71.75 75.75 100.25 142.0 196.5 184.25 176.5 178.75 213.25 194.0 200.25 179.5 186.5 177.25 159.5 126.0 
98.5 89.25 92.0 139.75 158.25 174.25 168.25 182.75 203.5 197.5 203.0 193.0 182.5 179.0 144.25 125.25 
92.25 110.75 121.25 117.25 126.75 161.75 152.75 142.25 185.0 193.25 177.5 185.75 190.25 179.75 159.75 139.0 
5
162.57142857142858 163.85714285714286 153.14285714285714 162.57142857142858 159.0 161.71428571428572 130.57142857142858 117.85714285714286 125.85714285714286 111.71428571428571 121.28571428571429 121.71428571428571 141.0 111.85714285714286 131.57142857142858 181.0 
174.42857142857142 160.42857142857142 162.71428571428572 168.0 172.57142857142858 156.71428571428572 145.0 120.14285714285714 122.14285714285714 106.57142857142857 126.28571428571429 135.28571428571428 120.57142857142857 121.57142857142857 134.14285714285714 174.14285714285714 
176.28571428571428 171.57142857142858 172.14285714285714 167.42857142857142 170.71428571428572 161.57142857142858 160.0 113.71428571428571 120.71428571428571 93.57142857142857 115.0 135.71428571428572 88.42857142857143 107.71428571428571 138.71428571428572 162.28571428571428 
173.0 181.42857142857142 181.0 176.42857142857142 181.14285714285714 163.0 155.71428571428572 121.71428571428571 117.57142857142857 95.42857142857143 94.71428571428571 111.42857142857143 89.85714285714286 79.28571428571429 156.85714285714286 150.14285714285714 
178.42857142857142 191.28571428571428 190.42857142857142 190.42857142857142 197.14285714285714 178.28571428571428 144.71428571428572 120.85714285714286 111.57142857142857 106.71428571428571 91.0 88.42857142857143 97.57142857142857 81.28571428571429 172.57142857142858 141.57142857142858 
183.57142857142858 190.71428571428572 187.14285714285714 191.14285714285714 199.85714285714286 195.0 160.71428571428572 122.14285714285714 96.57142857142857 92.28571428571429 84.28571428571429 84.85714285714286 85.14285714285714 95.28571428571429 162.85714285714286 138.57142857142858 
183.57142857142858 184.71428571428572 180.57142857142858 185.0 192.71428571428572 196.71428571428572 165.14285714285714 132.42857142857142 100.57142857142857 81.85714285714286 70.57142857142857 89.0 69.0 110.71428571428571 143.0 133.57142857142858 
191.42857142857142 188.14285714285714 186.14285714285714 190.28571428571428 192.71428571428572 197.42857142857142 173.28571428571428 152.42857142857142 122.0 87.85714285714286 69.71428571428571 78.0 71.42857142857143 130.0 145.57142857142858 126.42857142857143 
194.28571428571428 192.28571428571428 192.14285714285714 194.42857142857142 197.0 196.85714285714286 177.85714285714286 158.71428571428572 125.57142857142857 95.0 97.42857142857143 74.14285714285714 64.57142857142857 140.85714285714286 141.85714285714286 110.28571428571429 
196.14285714285714 191.57142857142858 188.0 189.42857142857142 195.71428571428572 188.85714285714286 167.42857142857142 157.57142857142858 125.85714285714286 99.28571428571429 82.42857142857143 75.71428571428571 76.14285714285714 134.14285714285714 140.14285714285714 116.42857142857143 
187.0 187.71428571428572 185.85714285714286 187.0 195.85714285714286 186.57142857142858 167.71428571428572 160.0 128.71428571428572 98.42857142857143 86.85714285714286 70.71428571428571 87.0 125.71428571428571 123.14285714285714 121.28571428571429 
193.71428571428572 193.71428571428572 192.71428571428572 193.71428571428572 198.42857142857142 184.71428571428572 170.57142857142858 151.85714285714286 130.85714285714286 100.0 97.71428571428571 63.142857142857146 96.42857142857143 140.71428571428572 98.14285714285714 125.0 
210.42857142857142 207.14285714285714 200.71428571428572 200.85714285714286 200.57142857142858 179.42857142857142 171.71428571428572 155.42857142857142 124.28571428571429 110.42857142857143 96.71428571428571 68.0 110.85714285714286 145.14285714285714 89.0 127.14285714285714 
198.71428571428572 202.85714285714286 199.42857142857142 193.71428571428572 186.42857142857142 168.85714285714286 163.42857142857142 145.42857142857142 113.28571428571429 124.14285714285714 88.42857142857143 87.28571428571429 130.28571428571428 131.71428571428572 109.14285714285714 126.42857142857143 
186.28571428571428 195.14285714285714 200.57142857142858 195.42857142857142 181.0 170.71428571428572 161.14285714285714 139.28571428571428 120.85714285714286 134.85714285714286 96.85714285714286 98.71428571428571 142.42857142857142 116.71428571428571 110.14285714285714 123.14285714285714 
184.85714285714286 176.85714285714286 190.42857142857142 194.57142857142858 176.14285714285714 161.85714285714286 160.14285714285714 149.0 128.0 137.85714285714286 98.42857142857143 97.0 142.57142857142858 115.85714285714286 94.85714285714286 124.14285714285714 
6
177.1060606060606 177.78787878787878 174.8030303030303 179.62121212121212 180.86363636363637 183.6818181818182 185.6818181818182 185.9848484848485 185.42424242424244 181.28787878787878 182.8939393939394 180.06060606060606 184.25757575757575 176.1818181818182 176.0 174.96969696969697 
178.16666666666666 178.4848484848485 178.42424242424244 176.0 179.03030303030303 184.53030303030303 187.21212121212122 188.4090909090909 186.9848484848485 181.5 181.3030303030303 180.87878787878788 181.8939393939394 176.0909090909091 175.42424242424244 178.54545454545453 
177.93939393939394 178.0 180.9848484848485 173.78787878787878 178.45454545454547 184.36363636363637 188.45454545454547 188.24242424242425 185.78787878787878 182.03030303030303 182.6818181818182 182.06060606060606 180.37878787878788 174.83333333333334 173.9848484848485 180.33333333333334 
176.9090909090909 176.6818181818182 182.63636363636363 176.21212121212122 178.37878787878788 182.12121212121212 187.56060606060606 192.66666666666666 189.12121212121212 184.93939393939394 183.0909090909091 183.5909090909091 180.5 175.63636363636363 175.5151515151515 178.25757575757575 
176.24242424242425 177.4848484848485 179.1818181818182 176.3030303030303 176.71212121212122 178.57575757575756 183.36363636363637 188.86363636363637 188.6060606060606 185.66666666666666 182.5909090909091 182.5909090909091 178.63636363636363 176.57575757575756 178.27272727272728 172.34848484848484 
175.78787878787878 179.4090909090909 179.9090909090909 177.71212121212122 179.72727272727272 182.46969696969697 186.86363636363637 185.8939393939394 186.86363636363637 187.06060606060606 184.3939393939394 183.77272727272728 181.24242424242425 179.27272727272728 181.8030303030303 173.83333333333334 
171.1818181818182 179.6818181818182 175.8181818181818 174.8939393939394 179.3939393939394 181.5151515151515 183.5 183.16666666666666 183.3030303030303 183.4090909090909 185.1818181818182 182.75757575757575 179.96969696969697 177.8030303030303 180.62121212121212 176.03030303030303 
171.5909090909091 180.8181818181818 176.9848484848485 178.83333333333334 184.74242424242425 184.65151515151516 186.07575757575756 185.93939393939394 188.53030303030303 188.15151515151516 188.45454545454547 184.43939393939394 180.77272727272728 180.3030303030303 182.54545454545453 178.13636363636363 
174.06060606060606 177.45454545454547 177.24242424242425 176.96969696969697 180.0909090909091 181.33333333333334 182.3939393939394 182.13636363636363 184.84848484848484 184.63636363636363 183.12121212121212 183.6969696969697 183.16666666666666 180.8030303030303 176.92424242424244 174.56060606060606 
176.3939393939394 177.28787878787878 175.9090909090909 176.4848484848485 181.6060606060606 182.46969696969697 181.87878787878788 183.42424242424244 183.57575757575756 186.84848484848484 186.75757575757575 184.46969696969697 184.1060606060606 182.13636363636363 179.84848484848484 176.33333333333334 
176.84848484848484 178.62121212121212 175.86363636363637 177.0909090909091 180.78787878787878 182.93939393939394 180.57575757575756 182.0151515151515 184.74242424242425 186.15151515151516 187.24242424242425 185.78787878787878 182.93939393939394 180.36363636363637 180.0 176.72727272727272 
178.6818181818182 177.6818181818182 173.07575757575756 175.13636363636363 175.28787878787878 180.12121212121212 181.6818181818182 183.71212121212122 182.72727272727272 183.4090909090909 184.5 183.3181818181818 180.24242424242425 177.28787878787878 177.06060606060606 176.24242424242425 
178.77272727272728 176.53030303030303 173.84848484848484 176.6818181818182 180.0909090909091 181.9848484848485 181.83333333333334 184.36363636363637 186.1060606060606 186.63636363636363 186.6818181818182 183.77272727272728 181.1818181818182 180.84848484848484 175.87878787878788 178.0 
181.87878787878788 180.96969696969697 181.5151515151515 179.92424242424244 181.4090909090909 183.5909090909091 184.6969696969697 187.34848484848484 186.6818181818182 187.62121212121212 186.24242424242425 183.8939393939394 183.0909090909091 182.83333333333334 176.04545454545453 177.1818181818182 
179.6969696969697 178.3181818181818 180.8030303030303 179.56060606060606 180.27272727272728 184.22727272727272 186.56060606060606 185.4848484848485 181.83333333333334 183.3181818181818 181.65151515151516 180.1969696969697 183.65151515151516 182.6060606060606 180.78787878787878 178.71212121212122 
178.37878787878788 177.9848484848485 178.1818181818182 179.87878787878788 180.13636363636363 182.12121212121212 186.96969696969697 185.45454545454547 183.1060606060606 185.06060606060606 184.13636363636363 182.62121212121212 184.1060606060606 179.07575757575756 182.36363636363637 180.5151515151515 
7
210.16666666666666 210.18421052631578 208.5438596491228 209.31578947368422 209.1315789473684 209.83333333333334 210.14912280701753 209.67543859649123 209.05263157894737 208.62280701754386 207.94736842105263 208.74561403508773 209.28070175438597 209.53508771929825 208.2719298245614 207.359649122807 
210.2982456140351 210.09649122807016 208.9298245614035 209.859649122807 209.81578947368422 209.97368421052633 210.21052631578948 209.97368421052633 208.64912280701753 208.91228070175438 209.52631578947367 209.62280701754386 209.14912280701753 209.26315789473685 208.3684210526316 207.859649122807 
209.7017543859649 209.97368421052633 209.2982456140351 210.57894736842104 211.10526315789474 211.33333333333334 210.32456140350877 210.3859649122807 209.41228070175438 208.6578947368421 209.53508771929825 210.1578947368421 209.7017543859649 208.859649122807 208.0438596491228 208.0 
209.68421052631578 210.17543859649123 209.46491228070175 210.6140350877193 211.35087719298247 211.78947368421052 211.28947368421052 210.78070175438597 209.5 208.80701754385964 209.5438596491228 209.99122807017545 209.640350877193 208.73684210526315 208.03508771929825 207.6140350877193 
209.7017543859649 210.31578947368422 209.62280701754386 210.67543859649123 210.93859649122808 211.74561403508773 211.73684210526315 211.09649122807016 208.94736842105263 209.1140350877193 210.00877192982455 209.55263157894737 208.94736842105263 208.4298245614035 208.26315789473685 207.49122807017545 
209.1315789473684 210.21052631578948 209.40350877192984 210.4298245614035 210.46491228070175 211.50877192982455 211.82456140350877 211.50877192982455 210.0438596491228 209.18421052631578 209.359649122807 209.49122807017545 209.31578947368422 208.03508771929825 207.99122807017545 207.71052631578948 
208.5438596491228 209.81578947368422 209.42105263157896 210.48245614035088 210.8421052631579 211.78947368421052 212.01754385964912 211.89473684210526 210.8421052631579 209.82456140350877 209.69298245614036 209.66666666666666 209.53508771929825 207.80701754385964 207.35087719298247 207.2982456140351 
207.5 208.6578947368421 208.91228070175438 210.35087719298247 210.85087719298247 211.8684210526316 212.0701754385965 211.76315789473685 211.24561403508773 210.58771929824562 210.90350877192984 209.93859649122808 208.82456140350877 207.64912280701753 207.41228070175438 206.21929824561403 
208.50877192982455 209.01754385964912 208.03508771929825 209.90350877192984 210.80701754385964 211.81578947368422 211.96491228070175 211.6578947368421 211.26315789473685 210.99122807017545 211.40350877192984 210.7017543859649 208.6315789473684 207.93859649122808 206.96491228070175 205.2982456140351 
209.08771929824562 209.46491228070175 207.92105263157896 209.02631578947367 209.8421052631579 210.19298245614036 210.640350877193 210.8684210526316 210.90350877192984 210.7982456140351 211.64912280701753 211.140350877193 208.74561403508773 207.3421052631579 205.64912280701753 205.62280701754386 
209.140350877193 209.67543859649123 207.41228070175438 209.35087719298247 209.80701754385964 210.23684210526315 210.99122807017545 211.5 210.7982456140351 210.6315789473684 210.9561403508772 210.02631578947367 208.0438596491228 206.8859649122807 206.06140350877192 203.66666666666666 
208.08771929824562 209.33333333333334 206.359649122807 208.7719298245614 209.37719298245614 209.640350877193 210.06140350877192 210.4298245614035 210.0438596491228 210.08771929824562 209.98245614035088 208.49122807017545 207.02631578947367 206.43859649122808 206.47368421052633 203.05263157894737 
207.0701754385965 209.1315789473684 206.03508771929825 207.42105263157896 208.48245614035088 209.10526315789474 209.26315789473685 209.67543859649123 209.26315789473685 209.66666666666666 209.28947368421052 207.06140350877192 207.17543859649123 206.1315789473684 205.32456140350877 203.6578947368421 
205.85087719298247 207.30701754385964 204.640350877193 205.7280701754386 207.8859649122807 209.19298245614036 209.53508771929825 209.48245614035088 208.99122807017545 209.140350877193 208.5438596491228 207.1578947368421 207.01754385964912 206.5438596491228 204.78947368421052 202.17543859649123 
206.0438596491228 204.89473684210526 203.85087719298247 205.60526315789474 207.23684210526315 208.35087719298247 208.7982456140351 208.78070175438597 208.25438596491227 207.44736842105263 207.41228070175438 206.6140350877193 206.19298245614036 206.41228070175438 204.18421052631578 201.44736842105263 
206.58771929824562 206.46491228070175 204.91228070175438 207.28947368421052 207.47368421052633 208.68421052631578 208.99122807017545 209.50877192982455 208.2719298245614 206.60526315789474 206.78947368421052 205.44736842105263 205.71929824561403 203.91228070175438 201.97368421052633 202.7280701754386 
