0
63.051256281407035 62.2251256281407 
62.722278056951424 62.472026800670015 
1
98.86587436332768 101.83870967741936 
96.4974533106961 100.98811544991511 
2
116.86870503597122 151.7859712230216 
121.15467625899281 155.84172661870502 
3
184.46875 104.21428571428571 
166.11607142857142 87.95982142857143 
4
171.3952802359882 168.36209439528022 
178.11283185840708 174.48230088495575 
5
188.4659090909091 190.4798387096774 
186.93695014662757 188.41935483870967 
6
206.5990020412792 206.15853935132682 
206.51780449081426 205.82921297346337 
7
217.6064461407973 217.84223918575063 
217.8546791065875 218.2360757704269 
