26 26 26 26 26 26 27 27 27 27 27 27 27 27 27 27 27 27 27 27 28 28 28 28 28 28 28 28 28 28 28 29 28 29 29 29 29 30 30 29 30 30 30 30 30 30 30 30 30 30 30 30 30 30 30 30 30 30 30 30 30 30 30 30 30 30 30 30 30 30 30 30 30 30 30 29 30 29 30 29 29 29 29 29 29 29 29 29 29 29 28 28 28 28 28 28 28 28 28 28 28 28 28 28 28 27 27 27 27 27 27 27 27 27 27 26 26 26 26 26 26 26 26 26 26 26 26 26 
27 27 27 27 27 26 27 27 27 27 27 27 27 27 27 27 27 27 27 27 28 28 28 28 28 28 28 28 28 28 28 28 28 29 29 29 29 30 30 29 30 30 30 30 30 30 30 30 30 30 30 30 30 30 30 30 30 30 30 30 30 30 30 30 30 30 30 30 30 30 30 30 30 30 30 29 30 29 30 29 29 29 29 29 29 29 29 29 29 28 28 28 28 28 28 28 28 28 28 28 28 28 28 28 28 28 28 27 27 27 27 27 27 27 27 26 26 26 26 26 26 26 26 26 26 26 26 26 
26 26 26 26 26 26 26 26 27 27 27 27 26 27 27 27 27 27 27 27 27 28 28 28 28 28 28 28 28 28 28 28 28 29 29 29 29 29 29 29 29 29 30 30 30 30 30 30 30 30 30 30 30 30 30 30 30 30 30 30 30 30 30 30 30 30 30 30 30 30 30 30 30 30 30 30 30 30 30 30 29 29 29 29 29 29 29 29 29 29 28 28 28 28 28 28 28 28 28 28 28 28 28 28 28 27 27 27 27 27 27 27 27 27 27 26 26 26 26 26 26 26 26 26 26 26 25 26 
26 26 26 26 27 26 27 27 27 27 27 27 27 27 27 27 28 28 28 28 28 28 28 28 28 28 28 28 29 28 29 29 29 29 29 29 29 29 29 29 30 30 30 30 30 30 30 30 30 30 30 30 30 30 30 30 30 30 30 30 30 30 30 30 30 30 30 30 30 30 30 30 30 30 30 30 30 30 30 30 30 29 29 29 29 29 29 29 29 28 28 28 28 28 28 28 28 28 28 28 27 27 27 27 28 27 27 27 27 27 27 27 26 26 26 26 26 26 26 26 26 26 26 26 26 26 26 25 
26 27 27 27 27 27 27 27 27 27 27 27 27 27 28 28 28 28 28 28 28 28 28 28 28 28 28 28 29 28 28 29 29 29 29 29 29 29 29 29 29 29 29 29 30 29 29 29 30 30 30 30 30 30 30 30 30 30 30 30 30 30 30 30 30 30 30 30 30 30 30 30 30 30 29 29 30 30 30 30 29 29 29 29 29 29 29 29 28 28 28 28 28 28 28 28 28 28 28 27 27 27 27 28 28 27 27 27 27 27 26 27 26 27 26 26 26 26 26 26 26 26 26 26 26 26 25 26 
26 26 26 26 27 27 27 27 27 27 27 27 27 27 27 27 27 28 28 28 27 27 28 28 28 28 28 28 28 28 28 28 28 28 28 28 29 29 29 29 29 29 29 29 29 29 29 29 29 30 30 30 30 30 30 30 30 30 30 30 30 30 30 30 30 30 30 30 30 30 30 30 30 30 30 30 30 30 30 30 30 30 29 29 29 29 29 29 29 29 29 28 28 28 28 28 28 28 28 28 28 28 28 28 28 28 28 28 27 27 27 27 27 27 27 27 26 26 26 26 26 26 26 26 26 26 26 26 
26 26 26 26 26 27 27 27 27 27 27 27 27 27 27 28 28 28 28 28 28 28 28 28 28 28 28 28 28 29 29 29 29 29 29 29 29 29 29 29 29 29 29 29 30 30 30 30 30 30 30 30 30 30 30 30 30 30 30 30 30 30 30 30 30 30 30 30 30 30 30 30 30 30 30 30 30 30 30 30 30 30 29 29 29 29 29 29 29 29 29 28 28 28 28 28 28 28 28 28 28 28 28 28 27 27 27 27 27 27 27 27 27 27 27 27 26 26 26 26 26 26 26 26 26 26 26 26 
27 27 27 26 26 27 27 27 27 27 27 27 27 27 28 28 28 28 28 28 28 28 28 28 28 29 29 28 29 28 29 29 29 29 29 29 29 29 29 29 29 29 30 30 30 30 30 29 30 30 30 30 30 30 30 30 30 30 30 30 30 30 30 30 30 30 30 30 30 30 30 30 29 29 29 29 30 30 29 29 29 29 29 29 29 29 28 28 28 28 28 28 28 28 27 27 28 28 28 28 27 27 27 28 28 28 27 27 27 27 27 27 27 27 27 26 26 26 26 26 26 26 26 26 26 26 26 26 
26 26 27 26 26 26 26 26 27 27 27 27 27 27 27 28 28 28 28 28 28 28 28 28 28 28 28 28 28 28 28 29 29 29 29 29 29 29 29 29 29 29 29 30 30 30 30 30 30 30 30 30 30 30 30 30 30 30 30 30 30 30 30 30 30 30 30 30 30 30 30 30 30 29 29 30 30 30 30 29 29 29 29 29 29 29 29 28 29 28 29 28 28 28 28 28 28 28 28 28 28 28 28 27 28 28 28 27 27 27 27 27 27 27 27 27 27 27 27 26 26 26 26 26 26 26 26 26 
26 26 26 26 26 26 27 27 27 27 27 27 27 27 27 28 28 28 28 28 28 28 28 28 28 28 29 29 28 29 29 29 29 29 29 29 29 29 29 29 30 29 30 30 30 30 30 30 30 30 30 30 30 30 30 30 30 30 30 30 30 30 30 30 30 30 30 30 30 30 30 30 30 30 30 30 30 30 30 30 29 29 29 29 29 29 29 29 29 28 29 28 28 28 28 28 28 28 28 28 28 28 28 27 28 28 27 27 28 27 27 27 27 27 27 27 26 26 26 26 26 26 26 26 26 26 26 26 
26 26 26 26 27 27 27 27 27 27 27 27 27 27 27 28 28 28 28 28 28 28 28 28 28 29 29 29 29 29 29 29 29 29 29 29 29 29 29 29 29 29 29 30 30 30 30 30 30 30 30 30 30 30 30 30 30 30 30 30 30 30 30 30 30 30 30 30 30 30 30 30 29 29 29 29 29 29 29 29 29 29 29 28 29 28 28 28 28 28 28 28 28 28 27 28 28 28 28 28 27 27 27 27 27 27 27 27 27 27 27 27 27 27 27 27 26 26 26 26 26 26 26 26 26 26 26 26 
26 26 26 26 26 26 27 27 27 27 27 27 27 27 27 27 27 27 27 27 28 28 28 28 28 28 28 28 28 28 28 28 28 28 29 29 29 29 29 29 29 29 29 29 30 30 30 30 30 30 30 30 30 30 30 30 30 30 30 30 30 30 30 30 30 30 30 30 30 30 30 30 30 30 30 30 30 29 29 29 29 29 29 29 29 29 29 29 28 29 28 28 28 28 28 27 28 28 28 28 28 28 28 28 27 27 27 27 27 27 27 27 27 27 27 27 26 27 26 26 26 26 27 27 27 26 26 26 
26 26 26 26 26 26 27 27 27 27 27 27 27 27 27 27 28 27 28 28 28 27 28 28 28 28 28 28 28 28 28 28 29 28 29 29 29 29 29 29 29 29 29 29 30 30 30 30 30 30 30 30 30 30 30 30 30 30 30 30 30 30 30 30 30 30 30 30 30 30 30 30 30 30 30 30 30 30 30 30 29 29 29 29 29 29 29 29 29 29 28 28 28 28 28 28 28 28 28 28 28 28 28 28 27 27 27 27 27 27 27 27 27 27 27 27 27 26 26 26 26 26 26 26 26 26 26 26 
27 26 26 26 27 27 27 27 27 27 27 27 27 27 28 28 28 28 28 28 28 28 28 29 28 29 29 29 29 29 29 29 28 29 29 29 29 29 29 29 29 29 29 30 30 30 30 30 30 30 30 30 30 30 30 30 30 30 30 30 30 30 30 30 30 30 30 30 30 30 30 30 30 30 30 30 30 30 30 30 29 29 29 29 29 29 29 28 28 28 28 28 28 28 28 28 28 28 28 28 28 27 27 27 27 27 27 27 27 27 27 27 27 27 26 26 26 26 26 26 26 26 26 26 26 26 26 26 
27 26 26 27 27 27 27 27 27 27 27 27 27 27 27 27 28 28 28 28 28 28 28 28 28 28 29 29 28 28 28 28 28 29 29 28 29 29 29 29 29 29 29 29 29 29 29 29 29 30 30 30 30 30 30 30 30 30 30 30 30 30 30 30 30 30 30 30 30 30 30 30 30 30 30 30 30 30 30 30 29 29 29 29 29 29 29 29 29 29 29 28 28 28 28 28 28 28 28 28 28 28 28 28 27 27 27 27 27 27 27 27 27 27 27 27 26 26 26 26 26 26 26 26 26 26 26 26 
26 26 26 27 27 27 27 27 27 27 27 27 27 27 27 27 28 28 28 28 28 28 28 28 28 28 29 29 29 29 29 29 29 29 29 29 29 29 29 29 29 29 29 29 29 29 29 29 30 30 30 30 30 30 30 30 30 30 30 30 30 30 30 30 30 30 30 30 30 30 30 30 30 30 30 30 30 30 30 30 30 29 29 29 29 29 29 29 29 29 29 29 28 28 28 28 28 28 28 28 28 28 28 28 27 27 27 27 27 27 27 26 27 27 27 26 27 26 26 26 26 26 26 26 26 26 26 26 
26 26 27 26 27 27 27 27 27 27 27 28 28 28 28 28 28 28 28 28 28 29 29 29 29 29 29 29 29 29 29 29 29 29 29 30 29 29 29 29 30 30 30 30 30 30 30 30 30 30 30 30 30 30 30 30 30 30 30 30 30 30 30 30 30 30 30 30 29 30 30 30 30 30 30 30 30 30 30 30 30 29 29 29 29 29 29 29 29 29 29 28 28 28 28 28 28 28 28 28 28 28 27 27 27 27 27 27 27 27 27 26 27 27 26 26 26 26 26 26 26 26 26 26 26 26 26 26 
26 27 27 27 27 27 27 27 27 27 27 28 28 28 28 28 28 28 28 28 29 29 29 29 29 29 29 29 29 29 29 29 29 29 29 29 29 29 29 29 30 30 29 29 29 30 30 30 30 30 30 30 30 30 30 30 30 30 30 30 30 30 30 30 30 30 30 29 29 30 30 30 30 30 30 29 30 30 30 30 29 29 29 29 29 29 29 29 29 29 29 29 29 29 28 28 28 28 28 28 28 28 28 27 27 27 27 27 27 27 27 27 27 27 27 27 26 26 26 26 26 26 26 26 26 26 26 26 
26 26 26 26 27 27 27 27 27 27 27 27 27 28 27 27 28 28 28 28 28 29 29 29 29 29 29 29 29 29 29 29 29 29 29 29 29 29 29 29 29 30 30 30 30 30 30 30 30 30 30 30 30 29 20 11 11 20 29 30 30 30 30 30 30 30 30 30 30 30 30 30 30 30 30 30 29 29 29 29 30 29 29 29 29 29 29 29 29 28 28 29 28 28 28 28 28 28 28 28 28 28 28 28 28 28 27 27 27 27 27 27 27 27 27 27 26 26 26 26 26 26 26 26 26 26 26 26 
26 26 26 27 27 27 27 27 27 27 27 27 27 28 28 28 28 28 28 28 29 29 29 29 29 29 29 29 29 29 29 29 29 29 29 29 29 30 29 30 30 30 30 30 30 30 30 30 30 30 30 27 11 5 4 0 3 3 3 4 11 24 30 30 30 30 30 30 30 30 30 30 30 30 29 29 29 29 29 29 29 29 29 29 29 29 29 28 29 28 28 28 28 28 28 28 28 28 28 28 27 27 27 27 27 27 27 27 27 27 27 26 26 26 26 26 26 26 26 26 26 26 26 26 26 26 26 26 
26 27 27 27 27 27 27 27 27 27 27 27 28 28 28 28 28 28 28 28 29 29 29 29 29 29 29 29 29 29 29 29 29 29 29 30 29 29 29 30 30 30 30 30 30 30 30 30 30 30 22 4 4 4 3 3 3 3 3 3 3 3 11 29 30 30 30 30 30 30 30 30 30 30 29 29 30 30 30 29 29 29 29 29 29 29 29 28 28 28 28 28 28 28 28 28 28 28 28 28 28 28 28 27 27 27 27 27 27 27 26 26 26 26 26 26 26 26 26 26 26 26 26 26 26 26 26 25 
27 27 26 27 27 27 27 27 27 27 27 27 27 28 28 28 28 28 28 28 28 28 29 29 29 29 29 29 29 29 29 29 29 29 29 29 29 29 29 29 29 30 30 30 30 30 30 30 30 30 12 3 3 3 3 1 3 3 3 3 1 3 2 11 24 25 24 30 30 30 30 30 30 30 30 30 30 30 30 29 29 29 29 29 29 29 29 29 29 29 28 28 28 28 28 28 28 28 28 28 28 28 28 28 28 27 27 27 27 27 27 27 27 26 27 27 26 26 26 26 26 26 26 26 26 26 26 26 
27 27 27 27 27 27 27 27 27 27 28 28 28 28 28 28 28 28 28 28 28 29 29 29 29 29 29 29 29 29 29 29 29 29 30 30 29 29 29 29 30 30 30 30 30 30 30 30 30 30 6 0 1 1 1 1 3 3 3 3 3 3 1 1 0 20 14 30 30 30 30 30 30 30 30 30 30 30 30 30 30 29 29 29 29 29 29 29 29 29 28 28 29 28 28 28 28 28 28 28 28 28 28 27 27 27 27 27 27 27 27 27 26 26 27 26 26 26 26 26 26 26 26 26 26 26 26 26 
27 27 27 27 27 27 27 27 27 28 28 28 28 28 28 28 28 28 29 29 29 29 29 29 29 29 29 29 29 29 29 29 29 29 30 30 30 29 29 29 29 30 30 30 30 30 30 30 30 12 3 0 1 1 1 1 3 3 3 3 4 3 4 2 3 0 7 24 30 30 30 30 30 30 30 30 29 29 29 29 29 29 29 29 29 29 29 29 28 28 28 28 28 28 28 28 28 28 28 28 27 27 27 27 27 27 27 27 27 27 26 26 26 26 26 26 26 26 26 26 26 26 26 26 26 26 26 25 
27 27 27 27 27 27 27 27 27 27 27 27 28 28 28 28 28 28 28 28 29 29 29 29 29 29 29 29 29 29 29 29 29 29 29 30 29 29 29 29 29 29 29 30 30 29 29 30 30 6 3 0 1 1 1 1 3 3 3 3 1 3 1 1 3 1 3 9 30 30 30 29 30 30 30 29 29 29 29 29 29 29 29 29 29 29 29 29 29 29 28 28 28 28 28 28 28 28 28 28 28 28 28 28 28 27 27 27 27 27 27 27 26 26 26 26 26 26 26 26 26 26 26 26 26 26 26 26 
27 27 27 27 27 27 27 27 27 27 27 27 28 28 28 28 28 28 29 29 29 29 29 29 29 29 29 29 30 29 29 30 29 30 30 30 30 30 30 29 30 30 30 30 30 30 30 30 29 2 3 0 1 1 1 1 3 3 3 3 1 1 1 2 0 2 4 0 28 30 30 30 30 30 30 30 29 29 29 29 29 29 29 29 29 29 29 29 29 29 29 29 28 28 28 28 28 28 28 28 28 28 28 28 28 27 27 27 27 27 27 27 26 26 26 26 26 26 26 26 25 25 25 25 25 26 26 25 
27 27 27 27 27 28 28 28 28 28 28 28 28 28 28 28 29 29 29 29 29 29 29 29 29 29 29 30 29 30 30 30 30 30 30 30 30 30 30 30 30 30 30 30 30 30 30 30 22 1 4 4 1 1 1 1 1 1 1 1 1 1 3 3 2 1 2 8 28 29 30 30 29 29 29 29 29 29 29 29 29 29 29 29 29 29 29 29 28 28 28 28 28 28 28 28 28 28 27 27 27 27 27 27 27 27 27 27 27 27 27 27 26 26 26 26 26 26 26 26 26 26 26 26 26 25 25 25 
27 27 27 27 27 28 28 28 28 28 28 28 28 28 28 28 29 29 29 29 29 29 29 29 29 29 29 29 29 29 29 29 29 29 29 29 30 29 29 29 29 29 30 30 30 30 30 30 11 0 2 2 1 1 1 1 1 1 1 1 1 5 7 13 4 3 4 9 15 15 28 28 30 29 29 29 29 29 29 29 29 29 29 29 29 29 29 29 29 28 28 28 28 28 28 28 28 28 27 28 27 27 27 27 27 27 27 27 27 27 27 27 26 26 26 26 26 26 26 26 26 26 26 26 26 26 26 25 
27 27 27 27 27 28 28 28 28 28 28 27 28 28 28 28 28 28 28 29 29 29 29 29 29 29 29 29 29 29 30 30 30 30 30 30 30 30 30 30 30 30 30 30 30 30 30 22 3 1 1 1 0 8 10 7 4 2 2 1 13 26 30 28 16 10 0 5 7 7 7 20 24 30 30 29 30 30 30 29 29 29 29 29 29 29 29 29 29 29 28 28 28 28 28 28 28 28 28 27 28 28 27 27 27 27 27 27 27 27 27 27 26 26 26 26 26 26 26 26 26 26 26 26 26 25 26 25 
27 27 27 27 27 28 28 28 28 30 28 28 28 28 28 28 29 29 29 29 29 29 29 29 29 29 29 29 29 30 30 30 30 30 30 30 30 30 30 30 30 30 30 30 30 30 30 22 3 1 1 1 0 9 26 7 2 0 4 14 30 29 20 11 21 10 8 13 13 13 13 13 18 30 30 30 30 29 30 28 29 29 29 29 29 29 29 28 29 29 28 28 28 28 28 28 28 28 28 27 27 27 27 27 27 27 27 26 27 26 26 26 26 26 26 26 26 26 26 26 26 26 26 26 25 25 25 25 
27 27 27 27 27 27 28 28 27 28 28 28 28 28 28 28 28 28 28 29 29 29 29 29 29 29 29 29 29 29 29 29 29 29 30 30 30 30 30 30 30 30 30 30 30 30 30 12 3 1 1 1 3 9 22 14 17 4 8 30 28 15 6 5 13 9 11 20 11 11 11 11 11 11 20 11 11 30 29 29 30 29 29 29 29 29 29 29 29 28 28 28 28 28 28 28 28 28 28 27 27 27 27 27 27 27 27 27 27 27 26 26 26 26 26 26 26 26 26 26 25 25 25 25 26 25 25 25 
27 27 27 27 27 27 28 28 28 28 28 28 28 28 28 28 28 28 28 28 29 29 29 29 29 29 29 29 29 29 29 29 29 29 30 30 30 30 30 30 30 30 30 30 30 30 29 6 3 1 1 1 3 9 21 9 17 0 9 29 30 30 19 30 31 10 13 13 13 13 13 13 13 13 19 13 5 27 29 24 24 30 29 29 29 29 29 28 29 29 29 28 28 28 28 28 28 28 28 27 27 27 27 27 27 27 27 27 27 26 27 26 26 26 26 26 26 26 26 25 25 25 25 25 25 25 25 25 
27 27 27 27 27 27 27 28 28 28 28 28 28 28 28 29 28 28 29 29 29 29 29 29 29 29 29 29 29 30 29 30 30 30 30 30 30 30 30 30 30 30 30 29 29 20 6 1 2 1 0 3 3 8 24 17 21 13 23 27 29 27 30 29 30 29 7 7 13 24 30 30 30 31 22 5 17 30 31 31 31 29 29 29 29 29 28 28 28 28 28 28 28 28 28 28 27 28 28 27 27 27 27 27 27 27 27 27 26 26 26 26 26 26 26 26 25 25 25 25 25 25 25 25 25 25 25 25 
27 27 28 28 27 27 28 28 28 28 28 28 28 28 28 28 29 29 29 29 29 29 29 29 29 29 29 29 29 29 29 30 30 30 20 11 7 4 4 5 7 5 5 5 1 4 3 3 0 4 8 10 5 4 5 20 18 25 26 26 28 29 26 25 30 30 7 8 10 24 7 24 16 24 12 7 17 12 22 14 15 29 29 28 29 28 28 28 28 28 28 28 28 28 28 28 28 27 27 28 27 27 27 27 27 27 27 27 27 26 27 26 26 26 26 26 26 26 26 26 26 25 25 25 25 25 25 25 
27 27 27 27 27 27 27 27 28 28 27 27 28 28 28 28 28 28 28 29 29 29 29 29 29 29 29 29 29 29 29 30 30 12 3 3 4 4 5 4 4 4 4 4 3 4 2 1 1 10 10 15 16 5 5 7 15 21 25 26 30 27 25 19 10 10 7 7 16 10 7 30 12 9 13 8 25 10 10 14 23 29 28 29 29 28 28 28 29 29 28 28 28 28 28 28 29 28 27 27 27 27 27 27 27 27 27 27 27 26 27 26 26 26 26 26 26 26 26 26 26 25 25 25 25 25 25 25 
27 27 27 27 28 27 27 27 28 28 28 28 28 28 28 29 28 29 29 29 29 29 29 29 29 29 29 29 29 30 30 30 22 3 0 0 4 4 4 4 4 4 3 4 0 2 3 0 0 9 15 15 21 13 10 2 7 15 21 21 25 17 20 17 28 10 7 14 20 20 7 24 7 10 23 14 26 24 20 24 29 29 29 29 28 28 28 28 28 28 28 28 28 28 28 28 27 28 27 27 27 27 27 27 27 27 27 27 26 26 26 26 26 26 26 26 26 26 26 26 25 25 25 25 25 25 25 25 
27 27 27 27 28 28 28 28 28 28 28 28 28 28 28 28 29 29 29 29 29 29 29 29 29 29 29 29 29 30 30 30 5 3 4 3 4 4 4 4 4 4 4 4 4 3 1 1 1 9 30 19 18 15 10 4 3 7 15 18 20 15 13 13 30 10 7 10 7 7 5 11 7 7 23 10 26 20 13 29 28 27 20 11 24 30 28 28 28 28 28 28 28 28 28 27 28 28 27 27 27 27 27 27 27 27 27 27 26 26 26 26 26 26 26 26 26 26 26 26 25 25 25 25 25 25 25 25 
27 27 28 28 28 28 28 28 28 28 28 28 28 28 28 28 29 29 29 29 29 28 29 29 29 29 30 30 30 30 30 6 4 4 4 3 4 4 4 4 4 4 4 4 4 4 4 2 2 9 31 29 19 15 10 4 4 3 7 10 19 17 10 30 30 10 7 7 7 7 7 7 7 20 24 13 30 30 31 31 31 31 22 10 24 27 29 29 28 28 28 28 28 28 28 28 28 28 28 28 27 27 27 27 27 27 27 27 26 26 26 26 26 26 26 26 26 26 26 26 25 25 25 25 25 25 25 25 
27 27 27 27 28 28 28 28 28 28 28 28 28 28 29 29 29 29 29 29 29 29 29 29 29 30 30 30 30 30 6 3 4 4 4 4 4 4 4 4 4 4 4 4 4 4 4 2 0 1 25 25 26 23 15 6 3 3 4 5 15 21 24 30 30 10 7 7 7 7 10 7 10 10 15 7 22 12 10 16 20 11 6 3 9 29 28 29 28 28 28 28 28 28 28 28 28 27 27 27 27 27 27 27 27 27 27 27 26 26 26 26 26 26 26 26 26 26 26 26 25 25 25 25 25 25 25 25 
27 27 28 28 28 28 28 28 28 28 28 28 28 28 29 29 29 29 29 29 29 29 29 30 29 30 30 30 29 6 4 0 4 4 3 4 3 4 4 4 4 4 4 4 4 3 1 1 0 1 9 18 29 21 21 12 3 3 3 0 8 13 30 29 30 10 7 7 7 7 7 13 13 10 7 7 23 19 13 13 13 13 13 13 14 29 29 28 28 28 28 28 28 28 28 28 28 28 28 27 27 27 27 27 27 27 27 27 26 26 26 26 26 26 26 26 26 26 26 26 26 25 25 25 25 25 25 25 
27 27 27 28 28 28 28 28 28 28 28 28 28 28 28 28 28 28 28 28 29 29 29 29 29 30 30 22 6 0 4 3 4 4 4 3 3 3 3 3 3 3 4 4 4 4 1 1 2 4 9 25 18 15 10 6 1 1 1 1 8 30 29 29 30 7 12 7 7 8 10 16 22 15 7 7 12 9 28 29 28 28 28 28 28 28 28 28 28 28 28 28 28 28 28 28 28 28 28 28 27 27 27 27 27 27 27 27 27 27 27 27 26 26 26 26 26 26 26 26 26 26 25 25 25 25 25 25 
27 27 27 27 28 28 28 28 28 28 28 28 28 28 28 28 28 28 28 28 29 29 30 30 30 30 11 4 4 4 4 4 4 4 4 4 3 3 3 3 3 3 4 4 4 4 3 4 1 3 5 14 12 10 11 1 1 1 1 1 3 29 30 30 30 12 9 13 10 10 10 10 13 10 10 10 6 9 30 28 29 28 28 28 28 28 28 28 28 28 28 28 28 28 28 28 28 28 28 27 27 27 27 27 27 27 27 27 27 26 26 26 26 26 26 26 26 26 26 25 25 26 25 25 25 25 25 25 
27 27 27 27 27 28 28 28 28 28 28 28 28 28 28 28 29 29 29 29 29 29 29 30 30 11 4 4 1 3 3 4 3 3 3 3 3 3 3 3 3 3 4 4 4 4 3 4 2 4 4 9 16 5 0 2 1 1 1 1 2 9 30 28 28 28 1 5 7 7 7 3 8 13 5 4 3 7 24 28 28 28 28 27 27 28 28 27 27 28 28 28 27 27 27 27 27 28 27 27 27 27 27 27 27 27 27 27 26 26 26 26 26 26 26 26 26 26 26 25 25 26 25 25 25 25 25 25 
27 27 28 27 27 28 28 28 28 28 28 28 28 28 28 28 28 28 28 29 29 29 30 27 11 3 2 4 3 3 1 3 3 3 3 1 3 3 3 3 3 3 4 4 3 7 5 3 1 3 3 9 6 4 0 5 4 1 1 1 3 0 24 22 30 30 27 13 13 13 13 19 13 16 5 4 1 2 9 28 28 28 28 28 28 28 28 28 28 28 28 28 28 28 28 28 28 28 28 27 27 27 27 27 27 27 27 27 27 27 26 26 26 26 26 26 26 26 26 26 26 26 25 25 25 25 25 25 
27 27 27 27 27 27 27 28 27 27 28 27 28 28 28 28 28 28 29 28 29 30 22 6 4 4 4 4 4 3 1 1 3 3 1 1 1 1 3 3 3 3 3 3 4 1 4 4 2 1 1 9 12 4 4 3 4 5 0 13 13 23 28 16 31 14 16 13 13 13 13 21 21 26 10 7 7 7 28 28 28 28 28 28 28 28 28 28 28 28 28 28 28 27 27 28 28 28 27 27 27 27 27 27 27 27 27 27 26 26 26 26 26 26 26 26 26 26 26 26 25 25 25 25 25 25 25 25 
27 27 27 27 27 27 27 27 27 28 28 28 27 28 28 28 28 28 30 29 30 22 6 2 4 4 4 4 4 4 4 3 3 4 3 1 1 3 3 3 3 3 3 3 4 3 3 4 0 2 4 9 6 5 5 3 2 4 14 11 6 4 5 13 22 7 7 11 31 31 31 31 31 29 5 4 2 8 28 27 28 28 28 27 28 28 28 28 28 28 28 27 28 27 27 28 27 27 27 27 27 27 27 27 27 27 27 27 27 26 26 26 26 26 26 26 26 26 26 25 25 25 25 25 25 25 25 25 
27 27 27 27 27 27 27 27 27 28 28 27 28 28 28 28 28 29 28 30 22 6 4 0 4 4 4 4 4 4 4 4 3 4 3 1 3 3 3 3 3 3 3 4 4 3 3 4 2 1 0 5 5 4 4 3 5 14 11 3 0 4 11 25 16 13 13 14 31 31 31 31 31 31 7 10 10 9 29 28 28 28 28 27 28 28 28 28 28 28 27 27 27 27 27 27 27 27 27 27 27 27 27 27 27 27 27 27 27 26 26 26 26 26 26 26 26 26 25 25 26 25 25 25 25 25 25 25 
27 27 27 27 27 27 27 27 27 27 27 27 27 27 28 28 28 28 29 22 6 4 3 0 4 4 4 4 4 4 4 4 4 4 3 3 3 3 3 3 3 3 4 4 4 4 4 4 1 1 3 4 4 4 2 3 14 6 4 3 4 0 1 24 30 29 28 31 31 31 31 31 12 29 4 0 5 14 29 28 28 28 28 28 28 28 28 28 28 28 28 28 28 28 28 28 28 28 27 27 27 27 27 27 27 27 27 27 27 26 26 26 26 26 26 26 26 26 26 26 26 25 25 25 25 25 25 25 
27 27 27 27 27 27 27 27 27 27 27 27 28 28 28 28 28 29 22 6 4 4 4 4 4 4 4 3 4 4 3 3 3 3 3 3 3 3 3 3 3 3 3 4 4 1 1 3 3 3 3 3 2 0 4 14 12 0 3 4 3 1 1 9 30 28 28 31 31 31 31 31 13 22 2 0 0 14 28 28 28 28 27 27 28 28 28 28 27 27 27 27 27 27 27 27 27 27 27 27 27 27 27 27 27 27 27 26 26 26 26 26 26 26 26 26 26 25 25 26 25 25 25 25 25 25 25 25 
27 27 27 27 27 27 27 27 28 28 28 28 27 27 28 28 28 29 6 3 4 4 3 3 1 3 3 3 3 3 3 3 3 3 1 1 3 3 3 3 3 3 3 4 3 1 1 1 1 1 1 1 0 3 14 12 1 4 1 2 2 3 1 8 30 30 28 31 28 31 31 26 29 6 2 3 14 29 28 28 28 27 27 27 27 27 27 27 27 28 28 27 27 27 27 27 27 27 27 27 27 27 27 27 27 27 27 27 26 26 26 26 26 26 26 26 26 25 25 26 25 25 25 25 25 25 25 25 
27 27 27 27 27 27 27 27 27 27 27 27 27 27 28 28 29 12 3 4 4 3 3 1 3 3 3 1 3 1 1 3 3 3 3 3 3 3 3 3 3 3 3 3 4 3 3 3 3 3 3 3 0 14 12 4 4 3 1 3 1 2 1 1 24 17 17 20 24 31 31 22 0 5 4 8 29 27 29 28 28 28 27 27 27 27 27 27 27 27 27 27 27 27 27 27 27 27 27 27 27 27 27 27 27 27 27 27 26 26 26 26 26 26 26 26 26 26 25 25 25 25 25 25 25 25 25 25 
27 27 27 27 27 27 27 27 28 28 28 28 28 28 28 28 22 5 0 2 3 3 1 1 1 3 4 3 3 1 1 1 1 3 3 3 3 3 3 3 3 3 3 3 1 3 3 3 1 1 1 1 14 12 2 0 4 4 3 1 0 2 2 1 3 4 7 10 11 11 11 5 3 3 4 28 28 28 27 28 28 27 27 27 27 27 27 27 27 27 27 27 27 27 27 27 27 27 27 27 27 27 27 27 26 26 26 26 26 26 26 26 26 26 26 26 26 26 25 25 25 25 25 25 25 25 25 25 
27 27 27 27 27 27 27 27 27 28 28 27 27 27 28 28 12 1 2 4 4 3 4 4 4 4 4 3 3 3 1 1 1 1 3 3 3 3 3 3 3 3 1 3 3 1 3 3 2 2 3 14 22 0 3 4 3 3 3 1 3 1 1 0 0 0 5 6 1 1 2 3 4 3 4 30 28 28 28 27 27 27 27 27 27 27 27 27 27 27 27 27 27 27 27 27 27 27 27 26 27 27 27 26 27 27 27 27 26 26 26 26 26 26 26 26 26 26 26 26 25 25 25 25 25 25 25 25 
27 27 27 27 27 27 27 27 27 27 27 27 27 27 28 28 12 3 1 3 4 4 3 3 3 1 1 3 3 4 4 3 1 3 3 4 3 3 3 3 3 3 4 3 1 1 3 3 3 0 8 22 1 5 1 2 3 4 3 3 1 2 1 1 14 2 0 2 3 2 1 2 1 3 0 9 28 28 28 27 28 28 27 27 27 27 27 27 27 27 27 27 27 27 27 27 27 27 27 27 30 27 26 27 27 27 27 27 26 26 26 26 26 26 26 26 26 26 25 25 25 25 25 25 25 25 25 25 
27 27 27 27 27 27 27 27 27 27 27 27 27 27 27 28 16 2 4 1 1 1 1 3 4 3 3 4 4 4 4 4 4 4 3 3 3 3 3 3 3 1 3 3 1 1 1 1 0 8 22 4 2 0 1 4 3 3 3 3 1 2 1 8 22 2 0 5 4 4 1 1 3 0 1 3 29 28 27 28 27 27 27 27 27 27 27 27 27 27 27 27 27 27 27 27 27 27 26 28 31 29 26 26 26 27 27 26 26 26 26 26 26 26 26 26 26 26 26 25 25 25 25 25 25 25 25 25 
27 27 27 27 27 27 27 27 28 27 27 28 27 27 28 28 29 6 3 2 1 1 1 3 3 4 4 4 4 4 3 3 3 4 4 4 3 3 3 3 3 3 1 1 3 1 3 3 8 22 0 0 4 1 4 3 3 4 4 4 1 1 2 0 16 13 13 13 13 13 5 3 4 2 4 0 24 28 27 28 27 27 27 27 27 27 27 27 27 27 27 27 27 27 27 27 26 25 25 21 29 28 27 27 26 27 27 26 26 26 26 26 26 26 26 26 26 26 26 26 25 25 25 25 25 25 25 25 
27 27 27 27 27 27 27 27 27 27 27 27 27 27 28 28 28 27 1 1 0 2 0 1 1 3 3 3 3 3 3 3 4 4 4 4 5 4 4 3 3 3 1 1 2 8 10 0 9 6 2 2 3 3 3 1 3 4 4 3 1 1 1 4 9 28 6 9 19 26 16 0 3 1 4 1 14 28 27 28 27 27 27 27 27 27 27 27 27 27 27 27 27 27 27 27 17 15 19 15 23 27 27 27 27 27 27 27 26 26 26 26 26 26 26 26 26 26 26 26 26 26 26 26 25 25 25 25 
27 27 27 27 27 27 27 27 27 27 27 27 27 27 27 27 28 29 26 4 2 0 2 0 1 1 1 1 1 3 3 4 4 4 3 3 4 4 4 4 3 1 3 1 7 6 0 4 2 5 4 4 4 3 3 3 3 4 3 3 1 1 1 5 11 20 7 9 20 20 16 2 1 1 2 8 28 28 28 28 27 27 27 27 27 27 27 27 27 27 27 27 27 27 27 26 28 30 30 28 30 28 27 27 27 27 27 27 27 26 26 26 26 26 26 26 26 26 26 26 25 25 25 25 25 25 25 25 
27 27 27 27 27 27 27 27 27 27 27 27 27 27 28 28 27 29 28 26 4 0 1 1 1 1 3 3 1 1 3 3 3 4 5 4 4 4 4 4 4 4 5 5 5 2 0 1 3 0 3 4 1 1 1 4 4 3 3 1 2 1 1 1 8 2 0 4 5 8 2 3 4 2 8 29 28 28 28 27 27 27 27 27 27 27 27 27 27 27 27 27 27 27 27 25 30 30 30 30 30 30 27 27 27 27 27 27 27 27 26 26 26 26 26 26 26 26 26 26 25 25 25 25 25 25 25 25 
27 27 27 27 27 27 27 27 27 27 27 27 27 27 27 27 27 28 28 27 23 3 0 2 1 3 3 3 3 3 1 1 1 3 3 4 4 4 4 4 4 4 7 7 7 5 3 1 3 1 0 2 1 1 3 1 4 3 3 1 1 1 1 1 14 3 4 0 3 3 11 6 8 5 28 28 28 28 27 28 27 27 27 27 27 27 27 27 27 27 27 27 27 27 27 25 30 30 30 30 30 29 27 27 27 27 27 27 26 26 26 27 26 26 26 26 26 26 26 26 25 25 25 25 25 25 25 25 
27 27 27 27 27 27 27 27 27 27 27 27 27 27 27 27 27 27 28 28 28 27 5 0 1 1 1 1 1 1 1 1 1 1 3 4 4 3 4 4 4 4 7 7 7 10 10 5 5 3 3 3 1 3 3 4 4 3 1 1 3 1 1 3 17 2 1 5 2 1 3 4 8 5 9 29 28 28 28 28 27 27 27 27 27 27 27 27 27 27 27 27 27 27 27 26 30 30 30 30 30 30 27 27 27 27 27 27 27 27 27 26 26 26 26 26 26 26 26 25 25 25 25 25 25 25 25 25 
27 27 27 27 27 27 27 27 27 27 27 27 27 27 27 28 27 27 28 28 28 28 28 6 1 1 1 1 1 1 1 1 3 3 1 1 1 3 3 4 4 5 7 7 7 10 10 7 5 3 3 3 3 3 4 4 4 3 1 1 1 2 3 0 16 1 9 30 16 1 5 3 3 7 8 29 28 28 27 28 27 27 27 27 27 27 27 27 27 27 27 27 27 27 27 26 29 30 30 30 30 30 26 27 27 27 27 27 27 27 27 26 26 26 26 26 26 26 26 26 25 25 25 25 25 25 25 25 
27 27 27 27 27 27 27 27 27 27 27 27 27 27 27 27 27 27 28 28 28 28 29 12 1 1 1 1 1 1 1 1 1 1 3 1 1 1 3 4 4 5 7 5 7 7 7 4 3 4 4 3 4 4 4 4 3 3 1 1 1 2 1 8 7 8 14 31 16 1 0 8 4 4 7 28 28 28 28 27 27 27 27 27 27 27 27 27 27 27 27 27 27 27 27 26 29 30 30 30 30 30 27 27 27 27 27 27 27 27 27 26 26 26 26 26 26 26 26 26 25 25 25 25 25 25 25 25 
27 27 27 27 27 27 27 27 27 27 27 27 27 27 27 27 27 27 27 28 28 28 29 6 1 1 1 1 1 1 1 1 3 1 3 4 3 3 3 3 3 4 5 5 5 7 7 5 5 1 4 4 4 4 3 3 3 1 1 1 2 1 2 9 4 8 24 31 15 3 8 29 12 2 7 9 29 28 28 28 27 27 27 27 27 27 27 27 27 27 27 27 27 27 27 26 29 30 30 30 30 30 27 27 27 27 27 27 27 27 27 26 26 26 26 26 26 26 26 26 26 26 26 26 25 25 25 25 
27 27 27 27 27 27 27 27 27 27 27 27 27 27 27 27 28 28 28 28 28 28 29 1 1 1 1 1 1 3 3 3 3 3 3 3 3 4 4 3 3 4 5 5 7 7 5 4 5 5 4 3 4 4 4 3 1 1 1 0 1 2 1 9 4 8 24 31 16 13 28 27 26 4 8 7 28 28 28 28 27 27 27 27 27 27 27 27 27 27 27 27 27 27 27 26 29 30 30 30 30 30 27 27 26 26 26 26 26 27 26 26 26 26 26 26 26 26 26 26 26 26 26 26 26 25 25 25 
27 27 27 27 27 27 27 27 27 27 27 27 27 27 27 27 27 27 28 28 28 28 22 3 1 1 1 1 1 1 1 1 1 3 3 3 3 3 3 1 0 3 3 4 5 5 7 5 2 1 4 4 4 4 3 3 8 16 2 1 2 3 0 10 4 8 24 31 15 28 27 28 28 6 3 6 9 27 28 27 27 27 27 27 27 27 27 27 27 27 27 27 27 27 27 26 29 30 30 30 30 30 27 27 27 27 27 27 26 27 26 27 27 26 27 26 26 26 26 26 26 26 25 26 25 25 25 25 
27 27 27 27 27 27 27 27 27 27 27 27 27 27 27 27 27 27 27 28 28 28 12 2 1 1 1 1 1 1 1 1 1 1 1 3 3 3 1 1 1 0 3 4 4 4 1 4 5 5 5 3 4 3 3 3 14 30 16 2 0 1 3 12 3 8 24 31 15 27 28 27 28 16 1 8 8 28 28 28 27 27 27 27 27 27 27 27 27 27 27 27 27 27 27 26 28 30 30 29 30 30 27 27 27 27 27 27 26 27 28 30 30 27 27 26 26 26 26 26 26 25 25 25 25 25 25 25 
27 27 27 27 27 27 27 27 27 27 27 27 27 27 27 27 27 27 28 28 28 29 12 1 1 1 1 1 1 1 1 1 1 1 1 1 1 1 1 1 0 5 1 1 0 7 5 3 1 5 7 4 3 3 3 3 27 28 28 26 5 0 8 6 1 8 24 31 17 28 27 28 27 27 6 3 6 24 27 27 28 28 27 27 27 27 27 27 27 27 27 27 27 27 26 25 28 30 30 29 30 29 26 26 26 26 26 26 26 29 30 29 30 30 30 29 26 26 26 26 26 25 25 25 26 25 25 25 
27 27 27 27 27 27 27 27 27 27 27 27 27 27 27 27 27 27 28 28 28 29 6 0 1 1 1 1 1 1 1 1 1 1 1 1 1 1 3 3 1 3 3 1 1 1 5 5 3 4 4 4 4 4 3 9 28 27 28 28 12 1 9 6 13 8 24 31 17 27 27 27 27 28 16 2 8 9 30 30 30 30 30 30 28 27 27 27 27 27 27 27 27 27 26 26 28 30 30 30 30 30 26 27 26 26 26 26 27 26 27 26 27 26 27 27 26 26 26 26 26 26 26 26 25 25 25 25 
27 27 27 27 27 27 27 27 27 27 27 27 27 28 27 27 27 28 28 28 29 22 2 2 3 3 3 3 3 1 1 1 1 1 1 1 3 3 3 3 3 4 4 4 4 1 1 3 4 1 1 4 3 1 4 14 28 28 28 28 12 0 9 8 28 8 24 31 17 27 27 27 28 27 27 2 1 6 24 30 30 30 30 30 30 30 27 27 27 27 27 27 27 27 26 26 28 30 30 30 30 30 26 27 26 26 26 26 27 26 25 26 26 25 26 27 26 26 26 26 26 25 25 25 26 25 25 25 
27 27 27 27 28 27 27 27 27 27 27 27 27 28 27 28 28 28 28 29 29 6 4 1 3 3 3 3 3 3 3 1 1 1 1 1 4 4 4 3 3 4 4 4 4 4 3 4 4 4 4 3 4 3 5 28 28 27 28 29 6 3 16 8 28 8 24 31 17 27 27 27 28 25 17 12 1 7 9 30 30 30 30 30 30 30 29 27 29 29 29 28 28 28 27 26 28 29 29 30 30 30 26 26 26 26 26 26 26 27 26 26 25 25 25 27 26 26 26 26 26 25 25 25 25 25 25 25 
27 27 27 27 27 27 27 27 27 27 27 27 27 28 27 28 28 28 28 29 22 1 2 4 4 4 4 4 3 3 3 3 3 3 3 3 3 4 4 4 3 4 4 4 4 4 4 4 4 4 4 3 4 1 9 28 28 28 28 28 2 3 12 9 28 8 24 31 17 27 27 27 27 15 15 19 2 8 7 28 30 30 30 30 30 30 30 30 25 25 25 25 25 26 26 26 28 29 29 29 30 30 27 27 26 26 26 26 27 27 26 26 26 26 25 27 26 26 26 26 26 26 26 26 26 25 25 25 
26 27 26 25 25 26 27 27 27 27 27 27 27 28 28 27 28 28 28 29 6 0 4 1 3 3 4 4 3 4 4 3 3 3 3 3 1 4 4 3 3 4 4 4 4 4 4 4 4 4 4 4 4 4 14 27 27 28 28 22 1 8 12 14 28 8 24 31 17 27 27 27 17 15 18 21 6 3 7 9 29 27 29 29 30 30 30 30 30 30 28 27 27 27 26 26 28 29 29 29 30 30 27 27 26 26 26 26 27 26 26 26 25 26 26 26 26 26 26 26 26 26 25 25 25 25 25 25 
21 21 21 21 21 21 21 25 26 27 27 27 28 28 28 28 28 28 28 22 1 3 3 3 3 3 4 4 4 4 4 3 3 3 3 3 4 4 4 4 3 4 4 4 4 4 4 4 4 4 4 4 0 8 29 27 28 28 30 12 2 9 6 27 28 8 24 31 17 27 27 27 15 10 19 19 16 1 8 7 28 30 30 28 29 30 30 30 30 30 30 27 25 26 26 26 28 29 29 29 30 30 26 26 26 26 26 26 26 26 25 25 25 25 26 26 26 26 26 26 26 26 25 25 25 25 25 25 
18 18 18 18 18 18 18 21 25 27 27 27 27 28 28 28 28 28 30 6 1 1 3 2 3 3 3 4 4 4 4 4 4 4 4 4 3 3 4 3 3 4 4 4 4 4 4 4 4 4 4 4 3 9 27 29 30 30 30 12 0 9 4 29 28 8 24 31 17 26 25 27 17 18 23 25 25 6 1 6 24 29 21 21 28 29 30 30 30 30 30 30 26 25 26 26 28 30 29 29 30 30 27 26 26 26 26 26 26 26 25 25 26 25 25 27 26 26 26 26 26 26 26 26 26 25 25 25 
18 18 18 18 18 18 18 21 21 27 27 27 27 27 28 28 28 28 22 0 1 3 3 1 3 1 1 1 3 3 4 4 3 3 3 3 3 4 5 3 3 4 4 4 4 4 4 4 4 4 4 4 4 30 26 26 26 26 30 2 2 15 8 30 30 9 24 31 17 26 25 27 15 18 21 23 25 12 3 8 9 30 28 29 28 30 29 29 29 29 29 29 29 27 26 26 28 30 29 29 30 30 27 26 26 26 26 26 27 26 25 25 25 25 26 25 26 26 26 26 26 26 26 26 26 26 26 26 
18 18 18 18 18 18 18 21 23 26 27 27 30 30 29 30 30 30 12 0 3 3 3 3 3 3 3 3 1 1 1 3 4 4 3 3 3 4 1 3 4 4 4 3 4 4 4 4 4 3 3 3 9 30 30 30 30 30 29 3 3 12 9 30 30 8 24 31 17 27 26 29 19 19 23 23 21 26 2 3 6 24 29 29 30 30 29 30 29 28 28 28 29 29 29 26 28 29 29 29 29 29 28 26 26 26 26 25 25 25 26 26 26 26 27 26 27 27 27 28 28 28 28 28 28 28 28 28 
15 15 18 15 19 19 21 21 21 23 25 27 29 21 21 21 25 29 2 2 3 3 3 3 3 3 3 3 4 3 1 1 3 3 3 3 3 4 3 3 3 4 4 4 3 4 4 3 3 3 3 4 14 30 31 31 31 31 22 1 8 12 14 31 31 8 24 31 17 28 29 30 30 30 29 28 19 28 12 2 7 9 29 29 29 29 29 29 29 29 29 27 27 27 27 27 25 21 25 27 27 27 27 26 26 27 26 26 26 27 28 27 27 27 27 26 25 25 25 25 21 21 25 21 21 21 21 21 
23 19 15 15 24 26 27 28 28 25 29 26 18 10 10 20 15 6 1 0 3 3 3 3 1 3 3 3 3 3 3 4 1 1 1 3 4 4 4 3 3 4 3 3 4 4 4 3 1 1 3 4 30 31 31 31 31 31 12 2 9 6 28 30 31 8 24 31 17 30 30 30 30 30 27 26 23 25 17 0 8 7 25 26 26 26 26 26 26 26 26 26 23 23 26 26 17 15 19 23 25 26 26 27 28 28 28 29 29 29 29 29 30 30 30 30 28 26 26 25 25 21 21 25 26 21 26 25 
18 17 18 18 25 17 17 21 17 18 18 21 23 23 15 10 10 4 2 2 3 3 3 3 1 1 3 3 3 3 3 3 3 3 3 1 3 3 3 1 1 1 3 1 1 3 3 1 1 1 3 4 24 24 24 24 24 24 6 2 9 4 17 20 24 8 24 31 17 17 25 21 29 30 30 29 27 25 23 6 1 7 9 28 20 29 20 24 22 20 25 20 28 28 27 17 18 23 26 26 27 27 28 29 30 30 30 30 30 30 30 30 30 30 30 30 29 29 28 26 19 15 15 18 17 10 20 15 
10 10 10 10 10 10 10 10 10 10 10 10 10 10 10 10 10 1 1 1 3 3 3 3 3 3 3 3 3 3 3 3 3 3 3 3 4 4 3 1 4 4 4 4 3 3 3 3 4 0 4 8 26 26 26 26 26 30 6 1 15 8 30 30 29 8 24 31 17 29 28 23 19 23 29 17 28 17 21 16 0 8 7 22 7 23 7 14 12 8 26 10 24 30 30 20 20 20 21 27 29 29 30 30 30 30 30 30 30 30 30 30 30 30 30 29 27 25 17 20 20 15 15 15 17 15 15 10 
10 10 10 10 10 10 10 10 10 10 10 10 10 10 10 10 6 3 1 1 3 3 3 3 3 3 3 3 3 3 3 3 3 3 3 3 4 4 3 1 4 4 4 4 3 3 3 3 1 4 0 8 11 11 11 11 11 11 4 1 16 8 11 11 11 9 24 31 17 20 20 20 25 25 25 25 26 26 25 22 6 3 6 15 7 25 7 14 16 7 29 15 24 22 11 5 5 7 7 11 20 24 30 30 30 30 30 30 30 30 30 30 30 30 25 17 18 15 15 15 7 7 10 15 15 10 15 10 
10 10 10 10 10 10 10 10 10 10 10 10 15 15 10 15 4 3 1 3 3 3 3 3 4 4 4 4 3 3 3 3 3 3 3 3 4 4 3 1 4 4 4 4 3 3 3 3 3 1 4 5 7 7 7 5 5 5 3 8 12 8 12 7 7 10 24 31 22 13 15 15 15 10 18 15 18 15 18 17 16 0 7 8 7 24 10 18 16 10 27 10 20 7 7 5 5 5 7 7 7 7 11 24 30 30 30 30 30 30 30 30 25 20 15 15 15 18 15 15 10 10 10 10 15 10 10 10 
18 21 17 18 21 17 17 21 17 18 21 21 21 21 21 12 4 4 1 3 3 3 3 3 4 4 4 4 3 3 3 3 3 3 3 3 3 3 3 1 4 4 4 4 3 3 3 3 4 1 8 13 13 19 15 15 19 6 1 9 12 14 16 7 10 24 21 25 17 24 30 20 10 10 15 10 10 10 15 17 23 4 0 5 7 24 10 15 15 10 21 10 10 5 5 5 5 7 7 7 7 7 7 7 11 27 30 29 30 30 29 20 10 7 10 15 18 15 15 15 10 10 10 10 10 10 10 10 
15 23 23 19 19 19 19 23 19 19 23 19 23 26 26 6 4 3 3 3 3 3 3 3 4 4 4 4 3 3 3 3 3 3 3 3 4 4 1 3 3 3 3 3 3 3 3 3 1 2 14 25 27 25 23 21 26 6 3 9 5 26 17 10 10 22 7 10 15 24 29 19 15 19 19 13 10 10 10 17 21 12 2 7 8 25 10 10 15 10 18 15 10 7 5 7 7 7 7 10 7 7 7 5 7 7 20 28 29 25 10 10 10 7 10 18 18 15 15 7 7 7 10 10 7 7 7 7 
15 17 25 17 21 17 18 23 23 21 23 18 18 21 18 4 4 3 3 3 3 3 3 3 4 4 4 4 3 3 3 3 3 3 3 4 4 4 1 3 3 3 3 3 3 3 3 3 4 8 28 26 26 26 26 23 27 4 1 14 8 17 20 10 14 16 10 13 15 20 15 24 17 20 20 15 18 19 15 10 18 16 1 0 5 24 10 14 15 10 23 15 10 10 7 5 7 10 7 7 7 7 7 7 7 7 7 11 20 15 10 10 10 10 10 15 15 15 15 5 5 5 5 7 5 5 5 5 
18 23 23 23 23 25 23 23 25 21 26 23 23 25 12 3 4 3 1 3 3 3 3 3 3 3 3 3 4 4 4 4 3 3 4 4 4 4 1 3 3 3 3 3 3 3 3 3 3 9 31 31 31 31 31 31 22 1 3 22 9 22 10 7 29 7 14 28 17 7 7 10 24 19 16 10 15 21 17 15 21 21 6 1 5 9 15 18 17 20 20 20 15 10 15 10 15 23 19 10 15 10 10 10 15 15 18 15 19 15 19 15 15 15 18 18 18 15 10 4 4 4 5 7 5 5 5 5 
19 18 25 30 27 19 15 18 18 21 26 26 27 27 6 4 4 3 1 3 3 3 3 3 3 3 3 3 4 4 4 4 3 4 4 4 4 4 1 3 3 3 3 3 3 3 3 3 3 14 20 20 24 17 20 24 12 3 4 12 9 22 10 9 22 8 24 31 17 7 7 10 15 24 17 15 15 15 19 15 15 18 16 2 4 7 21 18 18 15 15 15 15 15 18 18 19 18 18 19 19 19 19 19 19 19 19 19 19 19 19 19 15 15 19 19 19 19 13 13 13 13 13 19 19 13 13 13 
18 19 21 25 25 25 23 23 19 18 25 23 25 17 4 1 3 1 3 1 3 3 3 3 3 3 3 3 3 3 3 4 3 4 4 4 3 4 1 3 3 3 3 3 4 4 3 3 4 19 19 19 23 26 25 25 6 1 9 12 14 26 12 28 23 7 25 31 17 19 23 23 23 15 24 23 21 23 23 23 23 23 25 6 1 6 9 25 23 23 23 23 23 23 23 23 23 23 25 25 23 25 25 25 23 25 25 25 25 25 25 25 25 23 23 23 23 23 23 23 23 23 23 23 23 23 23 23 
19 25 23 23 21 21 21 21 21 21 21 23 23 12 2 3 3 1 3 1 3 3 3 3 3 3 3 3 3 3 3 4 3 4 4 4 3 4 1 3 3 3 3 3 4 3 3 3 3 25 25 25 25 25 25 25 1 1 9 4 25 17 9 26 25 10 24 31 17 23 25 25 23 23 15 24 25 26 25 25 25 25 25 16 3 8 8 25 25 25 25 23 25 25 25 26 26 25 26 25 26 25 25 25 25 25 25 25 25 25 25 25 25 23 23 23 25 25 25 25 25 25 25 25 25 25 23 23 
25 23 25 23 25 25 25 23 23 25 25 25 25 6 0 4 4 3 3 3 3 3 3 3 4 4 4 4 3 3 3 4 3 4 4 4 3 4 1 3 3 3 3 3 3 3 3 4 8 23 23 23 25 23 26 17 3 0 14 5 27 12 24 26 26 12 18 31 19 25 25 25 25 25 25 15 24 26 25 25 23 23 26 26 3 1 6 24 25 25 25 25 25 25 25 25 25 25 25 25 25 25 25 25 25 25 25 25 25 25 25 25 25 23 25 25 23 23 23 25 25 23 23 23 23 23 23 23 
23 23 23 25 23 23 23 23 23 23 23 23 17 2 2 3 4 3 3 3 3 3 3 3 4 4 4 4 3 3 3 3 3 4 4 4 3 4 1 3 3 3 3 3 3 3 4 4 9 26 26 26 26 27 27 12 1 2 22 8 26 8 30 25 25 12 24 31 17 25 25 25 23 25 25 23 15 24 23 25 25 23 21 21 12 0 5 9 25 23 21 21 21 23 21 21 23 23 23 21 21 21 23 23 21 21 21 21 21 21 21 21 21 21 21 21 21 21 21 21 21 21 21 21 21 21 21 21 
25 23 25 25 25 25 25 25 26 25 25 26 12 0 3 0 4 3 3 3 3 3 3 3 3 3 3 3 3 3 4 4 4 4 4 4 4 3 1 4 4 4 4 3 4 3 3 8 23 25 25 23 25 25 26 12 1 3 12 9 12 14 26 23 23 12 24 31 17 25 23 21 21 21 21 21 21 10 31 23 21 18 21 21 18 3 3 5 21 21 18 21 21 21 18 18 18 18 18 18 18 18 18 18 18 18 18 18 18 15 15 15 15 15 18 18 18 18 21 18 18 18 18 18 19 19 18 18 
25 25 25 25 25 25 25 25 25 25 23 25 6 3 3 3 3 3 3 3 3 3 3 3 3 3 3 3 3 3 4 4 4 4 4 4 4 3 1 4 4 4 4 3 4 3 3 9 25 21 23 25 25 25 26 6 1 9 12 14 7 29 23 23 23 12 24 31 17 23 23 21 23 23 21 21 21 19 10 28 19 23 21 21 21 6 4 5 9 21 21 21 18 18 18 18 18 18 18 15 15 18 18 15 15 15 15 15 15 15 15 15 15 15 18 15 18 18 21 18 21 21 18 18 18 18 18 18 
23 23 23 23 23 23 23 23 21 21 21 21 1 4 0 3 3 3 3 3 3 3 3 3 3 3 3 3 3 3 4 4 4 4 4 4 4 3 1 4 4 4 4 3 3 4 4 19 25 23 21 21 21 25 17 2 0 9 6 12 14 26 23 23 23 12 24 31 17 23 21 21 23 21 21 21 21 21 18 17 30 17 18 18 18 16 2 8 5 19 18 18 18 18 19 19 19 15 18 18 18 15 15 15 18 15 18 18 18 18 18 18 15 15 18 18 18 18 18 18 18 18 18 18 18 15 18 18 
23 23 23 23 23 23 21 23 21 21 21 21 5 0 2 1 3 3 3 3 3 3 3 3 3 3 3 3 3 3 4 4 4 4 4 4 4 3 1 4 4 4 4 3 2 4 8 21 21 23 23 23 23 23 16 1 2 14 2 7 28 21 21 23 23 12 24 31 17 23 21 21 21 21 21 21 21 19 21 21 20 28 19 17 18 23 6 3 5 18 19 18 21 21 21 18 18 18 18 18 18 18 18 18 18 18 18 18 18 18 18 18 18 18 18 18 18 18 18 21 18 18 18 18 18 15 18 18 
23 23 23 23 21 21 21 21 21 21 23 23 19 4 0 2 1 4 3 3 3 3 3 3 3 3 3 3 3 4 4 4 4 4 4 3 3 1 1 4 4 4 4 4 2 4 9 23 23 23 23 23 25 25 12 1 0 22 4 9 26 21 21 23 23 12 14 31 17 21 21 21 21 21 21 21 21 21 18 18 18 14 30 18 18 17 12 2 4 8 21 21 21 21 21 23 23 21 21 21 21 21 21 21 18 18 21 21 21 23 23 23 21 21 21 21 19 23 23 21 19 21 21 23 21 21 19 19 
21 23 23 21 23 23 23 25 25 25 23 21 23 23 4 0 3 1 4 1 3 3 3 3 3 3 3 3 3 3 3 4 4 4 4 3 3 1 1 4 4 4 4 4 0 1 9 21 23 23 23 23 25 25 6 1 4 12 8 14 23 19 23 23 23 12 14 31 17 21 23 23 23 23 23 23 23 23 21 23 19 19 14 30 19 19 19 4 3 5 21 23 23 21 21 23 23 23 23 19 21 21 19 23 23 23 23 21 23 23 21 21 21 21 18 18 18 18 18 21 21 18 18 21 18 18 18 18 
23 23 23 23 21 21 23 23 25 25 25 25 25 23 23 10 3 0 1 3 3 3 3 3 3 3 3 3 3 3 3 4 4 4 4 3 3 1 1 4 4 4 4 4 4 4 25 25 26 23 23 23 25 25 3 3 9 12 8 29 23 25 25 25 25 12 14 31 17 25 25 23 23 23 25 25 23 23 23 23 25 25 23 20 30 25 25 12 2 5 9 25 25 23 23 21 21 21 21 21 21 21 21 21 21 21 21 21 19 19 23 19 21 21 19 19 21 21 18 18 15 15 15 18 18 18 19 19 
23 21 25 23 23 25 25 25 26 26 25 25 23 25 23 23 13 5 3 4 3 3 3 3 3 3 3 3 3 4 4 4 4 4 4 3 3 1 1 4 4 4 4 4 4 8 26 25 25 26 26 25 27 22 1 1 9 6 14 22 25 25 25 25 25 16 18 29 17 25 23 23 25 23 23 23 23 25 23 23 25 26 25 19 20 30 23 17 4 0 5 23 23 23 23 23 23 23 23 21 23 23 23 23 21 23 21 21 23 21 21 21 23 23 23 23 23 23 23 23 23 23 21 21 23 23 21 23 
21 23 23 25 23 25 25 25 25 25 25 23 23 23 21 25 25 25 6 3 4 3 3 3 3 3 3 4 4 4 4 4 4 4 4 3 3 1 3 4 4 4 4 4 3 9 23 17 21 21 21 21 18 12 0 3 14 5 28 19 19 18 15 19 19 23 23 25 23 23 25 23 25 25 23 25 23 23 21 23 23 23 23 23 21 20 29 23 12 1 4 9 23 25 25 23 25 25 25 21 21 21 21 25 21 21 23 21 21 21 21 21 21 21 21 17 18 18 18 21 21 21 21 21 18 19 21 23 
23 25 25 25 25 25 23 23 23 23 23 21 21 23 23 23 25 25 5 0 5 1 4 4 3 3 3 4 4 4 4 4 4 4 4 3 3 1 3 4 4 4 4 4 4 14 26 25 25 25 25 23 25 6 1 2 22 8 29 25 21 25 25 25 25 25 25 25 25 23 25 25 23 23 23 25 21 21 21 25 21 21 25 21 23 21 20 27 16 2 8 13 23 21 25 25 23 23 23 21 23 21 21 18 21 21 21 21 21 21 18 18 18 18 18 18 18 18 21 21 18 18 18 18 17 18 17 21 
25 21 21 25 25 25 23 23 23 25 21 23 21 23 23 25 25 25 4 3 7 5 1 1 3 3 4 4 4 4 4 4 4 4 4 3 3 1 3 4 4 4 4 4 4 25 23 23 25 25 25 25 25 6 10 26 31 14 25 25 23 23 23 23 23 23 23 25 27 26 26 26 26 26 25 26 25 26 23 23 23 23 19 23 23 23 19 24 30 13 24 31 25 23 23 23 23 23 21 23 23 23 23 19 21 23 21 21 19 19 23 18 18 21 21 21 18 18 18 18 18 18 18 18 21 18 18 18 
25 25 25 25 23 23 25 21 23 23 23 23 23 25 25 25 25 18 4 3 7 7 1 2 1 1 1 3 4 4 4 4 4 4 4 3 3 1 3 4 4 4 4 4 8 25 25 23 25 25 25 25 17 4 11 24 31 21 23 23 25 25 23 25 25 25 25 25 23 23 25 25 25 25 21 21 25 21 23 25 25 25 25 25 17 21 21 17 31 22 11 11 8 25 23 25 23 17 18 25 25 23 21 18 21 21 21 18 18 21 18 18 19 18 19 19 19 19 19 18 23 19 19 19 23 19 18 18 
23 23 23 23 25 23 25 25 25 23 25 25 25 23 25 25 26 22 5 3 8 10 5 1 1 1 1 1 1 1 3 4 4 4 4 4 3 1 1 4 4 3 4 4 9 26 23 23 23 25 26 26 16 1 1 9 6 14 25 23 23 25 25 25 21 21 23 23 23 23 21 23 17 21 18 19 25 23 17 17 23 17 17 21 23 25 21 21 25 17 3 1 5 21 23 25 21 21 18 18 21 21 21 17 23 23 17 23 19 21 18 21 21 18 23 21 19 23 21 23 25 25 25 21 21 25 23 25 
21 23 23 23 25 25 25 25 23 23 23 25 23 23 25 26 25 16 5 4 3 10 7 2 3 1 3 3 1 1 1 1 3 3 4 4 3 1 3 4 4 4 4 4 14 21 17 17 17 25 25 25 12 2 1 24 5 19 25 21 21 25 21 21 21 21 21 21 17 21 23 23 19 23 23 26 23 25 25 25 23 23 23 25 19 23 23 17 21 18 12 3 8 9 17 21 21 19 21 19 19 19 15 19 18 18 18 21 21 21 17 18 17 18 18 18 21 19 19 18 18 18 21 21 18 21 21 21 
21 21 21 25 25 23 23 23 21 23 23 23 23 23 25 23 23 16 4 4 4 7 10 7 3 1 3 1 3 1 1 1 1 1 1 1 1 1 1 4 4 4 4 4 21 23 17 23 21 21 21 25 6 0 1 22 8 25 25 25 23 23 21 21 21 21 18 21 18 21 20 20 21 23 23 25 17 21 23 21 23 21 17 21 17 21 18 23 21 19 19 2 3 5 21 21 21 21 23 21 17 21 18 17 21 18 18 21 17 19 15 19 15 21 19 19 18 18 18 15 15 15 15 20 15 10 10 10 
21 21 21 17 18 20 20 18 18 18 21 21 21 23 23 23 17 12 4 5 4 7 10 10 5 3 1 1 1 1 1 1 1 1 1 1 1 1 1 1 2 3 1 14 15 18 18 18 18 18 15 18 3 0 8 12 8 15 10 15 15 15 15 15 15 15 15 19 19 21 23 23 23 25 25 23 23 23 25 23 23 21 23 23 17 18 23 23 21 21 25 12 3 5 9 21 21 21 21 21 21 21 15 21 18 21 21 21 21 21 21 23 21 23 21 23 23 21 18 18 18 18 19 15 18 18 15 15 
18 21 19 19 23 19 23 23 25 25 23 23 23 25 25 25 26 12 5 3 4 5 10 10 7 5 5 2 1 1 1 1 1 1 1 3 1 1 1 1 1 1 1 21 19 23 23 23 19 21 21 16 0 1 9 12 9 15 10 19 18 23 18 19 19 21 25 25 23 23 23 23 25 25 25 25 25 23 25 25 21 21 23 21 26 25 21 23 25 25 25 17 3 0 5 23 23 23 23 21 23 23 19 18 18 18 23 17 18 18 21 19 19 18 21 21 21 23 23 19 19 19 18 19 18 18 18 18 
23 23 21 21 21 23 21 23 25 23 21 25 25 25 25 25 25 12 5 5 4 5 7 10 7 7 7 5 4 1 1 1 1 1 1 3 1 1 1 3 3 1 4 15 20 20 20 20 10 15 18 12 3 1 9 6 15 19 23 25 21 18 18 20 18 15 15 15 15 18 19 19 25 21 23 25 25 23 25 25 26 23 23 23 25 25 23 25 24 25 25 23 6 2 5 9 25 25 23 23 21 25 23 21 23 23 21 21 21 21 21 25 21 23 23 25 17 21 25 23 23 23 21 21 18 21 21 18 
21 21 21 21 21 21 17 21 17 21 23 21 21 21 21 21 23 12 3 5 4 5 7 10 10 10 10 7 7 5 2 1 1 1 1 3 1 3 1 1 1 5 7 18 23 18 19 19 25 17 21 6 2 3 14 4 23 17 21 17 21 18 19 18 15 18 18 19 21 21 25 25 19 19 23 23 21 23 25 26 23 25 26 25 26 25 26 23 23 25 17 21 16 0 5 8 21 18 17 21 21 21 18 15 18 18 18 21 23 23 19 18 21 17 18 18 18 21 18 18 21 21 21 18 21 21 17 18 
17 21 17 21 23 23 23 23 19 19 17 23 23 23 23 23 26 12 5 5 4 4 7 10 10 10 10 10 10 10 6 1 1 1 1 3 3 1 3 5 7 7 10 19 23 19 21 21 19 17 18 2 1 3 22 8 17 18 21 18 17 17 17 21 25 23 21 21 21 18 21 21 23 21 23 19 25 24 17 23 17 25 17 19 21 17 17 17 21 23 23 25 25 5 0 6 18 21 21 19 19 19 23 23 18 18 21 18 18 23 18 18 18 18 21 19 18 18 18 19 15 18 23 21 18 19 19 18 
21 21 19 25 23 17 21 18 23 19 17 23 17 17 23 25 25 6 5 5 4 5 7 10 10 10 10 10 10 14 6 1 2 3 1 1 1 4 7 10 10 10 9 21 23 19 21 23 17 23 17 5 5 0 22 9 23 19 15 17 18 23 23 18 21 25 21 23 17 21 18 19 19 23 17 25 17 23 26 27 19 25 19 21 25 25 25 25 21 21 21 18 21 16 2 0 14 21 21 17 18 18 21 18 23 21 18 19 21 21 23 19 21 23 23 17 19 21 17 18 18 18 21 15 15 18 19 18 
21 23 23 25 25 17 21 25 25 25 21 25 23 25 17 26 25 6 5 5 4 4 7 10 10 7 7 10 7 25 6 1 4 3 1 2 4 5 7 10 10 10 14 25 21 23 21 21 23 21 16 10 6 8 12 9 25 21 21 18 23 23 17 23 18 19 26 26 26 23 23 25 25 23 21 23 23 23 25 23 25 23 25 23 23 25 21 21 21 21 23 19 23 25 8 30 31 26 23 17 23 23 21 18 21 21 18 21 21 21 21 23 19 17 21 19 21 21 19 19 18 19 19 18 23 19 17 18 
23 21 23 17 23 23 25 21 19 25 17 18 23 21 17 17 21 5 5 7 5 4 7 10 10 7 7 7 14 21 7 5 5 1 4 5 4 5 7 10 10 10 14 25 25 26 25 25 21 21 16 10 30 31 16 15 23 23 21 25 26 25 23 23 21 23 21 23 23 23 21 21 25 17 17 17 23 21 18 17 17 18 23 21 23 25 25 21 25 23 23 21 23 23 10 28 31 29 23 23 21 25 21 21 17 23 19 23 21 17 25 17 25 21 19 19 21 17 17 21 23 18 18 19 21 21 25 23 
19 19 18 19 15 19 18 19 15 19 19 19 15 15 15 15 19 5 8 7 5 3 5 7 10 7 7 7 14 19 6 5 6 1 5 7 5 5 7 10 10 10 23 23 18 23 19 19 23 19 16 8 31 31 31 23 19 21 23 21 17 23 18 19 19 19 23 19 19 19 19 19 18 21 19 19 18 18 23 19 19 23 21 19 19 23 19 19 26 23 23 25 18 19 16 20 24 26 13 19 19 19 15 19 15 19 19 15 15 15 15 21 21 15 19 15 15 15 15 19 19 19 19 19 19 19 18 15 
18 18 18 21 18 15 17 15 18 21 23 17 18 17 23 21 23 5 5 7 7 4 4 7 10 7 7 7 23 26 6 5 7 5 5 7 7 5 5 10 10 14 23 23 23 25 25 21 21 25 12 14 31 31 31 21 23 21 17 19 19 19 23 21 21 21 21 23 19 21 25 21 18 21 23 21 19 23 17 18 21 18 25 17 21 19 21 17 21 25 26 17 19 17 23 16 10 31 17 20 18 23 19 17 15 23 20 17 18 21 15 17 21 21 18 18 18 18 17 18 21 15 21 17 21 21 18 18 
19 17 21 19 25 23 17 18 25 21 23 25 23 19 23 23 21 5 5 7 7 5 4 7 10 7 7 7 25 25 6 7 7 7 5 5 7 5 5 7 10 18 25 20 25 21 17 21 23 25 6 10 30 31 24 25 17 26 21 21 17 23 21 25 26 23 19 25 18 19 19 23 23 21 17 18 21 18 17 18 18 23 23 19 17 25 19 23 21 18 20 21 21 17 21 17 7 24 26 18 18 15 21 21 19 18 15 20 18 15 15 21 18 18 18 15 15 18 15 18 20 15 21 18 23 23 18 17 
25 26 23 25 26 17 21 17 23 17 17 23 25 25 21 21 23 5 5 7 10 7 4 7 10 7 7 10 21 27 12 7 7 7 5 5 5 5 5 5 10 19 21 21 18 23 18 21 23 19 7 14 30 31 21 20 17 17 21 19 23 26 19 18 23 17 21 21 25 25 21 25 21 18 23 17 21 17 21 21 19 23 23 23 21 18 15 15 18 18 18 18 18 19 19 15 10 14 31 19 23 15 18 19 19 17 17 18 19 18 15 19 21 18 15 18 15 15 18 15 15 18 18 25 17 25 21 21 
25 25 26 25 21 23 17 21 21 23 23 17 21 23 18 25 25 5 5 5 7 10 5 4 10 7 7 9 17 21 12 7 10 7 5 5 4 5 5 5 8 17 21 17 18 23 21 23 23 16 7 14 31 31 25 25 23 21 17 17 21 25 21 23 23 18 21 17 17 21 18 18 21 21 23 21 23 17 21 25 21 18 19 21 23 23 21 19 23 21 18 17 17 15 23 19 16 10 31 26 18 18 18 17 15 19 18 18 23 18 17 21 17 17 18 19 19 15 18 19 15 19 19 23 18 21 18 15 
21 18 17 19 21 20 21 18 19 15 19 19 21 19 18 23 25 5 5 5 7 10 7 4 7 7 5 14 23 23 12 7 7 7 5 5 4 4 4 4 5 17 23 21 17 21 25 21 25 16 8 25 31 22 21 17 18 21 25 17 19 25 17 23 26 25 17 23 17 19 17 17 23 21 23 25 23 23 23 19 23 17 21 25 25 25 23 18 21 21 17 21 19 21 17 18 25 10 14 31 23 21 17 21 21 18 15 15 21 19 19 17 15 21 18 18 17 15 21 18 15 21 21 17 18 18 21 17 
25 23 18 17 17 23 21 21 21 26 23 23 23 23 21 18 25 4 5 5 7 10 7 5 7 6 5 23 25 23 12 10 10 10 10 7 5 4 4 4 5 18 21 21 17 21 18 18 18 12 10 28 31 22 18 18 18 18 18 18 18 18 17 23 17 23 17 21 23 21 15 18 23 17 23 23 19 21 17 23 17 17 17 21 17 17 25 23 21 21 19 19 17 23 17 21 17 16 10 31 17 15 17 19 21 17 19 19 18 23 23 21 17 18 18 18 15 18 18 17 21 25 17 18 21 15 18 18 
23 18 15 21 23 25 23 19 21 21 18 18 17 23 21 18 17 5 7 5 4 7 10 7 8 10 9 21 21 25 16 8 10 10 10 10 10 10 10 5 4 14 17 21 17 21 19 19 15 6 10 30 31 17 18 19 19 18 19 19 18 18 17 18 25 21 19 17 19 21 18 25 25 23 23 23 23 21 25 23 23 25 21 21 17 17 21 23 23 21 21 18 21 21 18 18 19 19 10 24 29 18 19 18 23 19 23 21 18 15 17 19 15 18 18 18 17 15 19 17 15 15 18 19 18 18 18 17 
18 19 19 21 21 21 21 21 21 21 23 19 23 18 15 18 16 4 7 5 4 7 10 7 7 7 14 21 26 19 16 3 10 10 10 10 10 10 10 10 0 14 17 19 19 23 17 17 18 7 14 30 31 18 18 25 19 17 23 21 23 23 18 21 25 21 21 18 21 18 18 17 17 21 17 21 25 21 21 17 20 23 23 23 23 23 25 21 25 25 25 18 18 23 17 21 25 17 16 10 31 23 20 23 21 21 17 25 21 17 21 23 18 18 23 23 18 23 18 19 18 21 18 21 19 18 23 21 
23 19 17 18 21 21 18 19 23 19 21 23 21 21 17 23 16 5 7 7 4 5 10 7 7 10 25 21 17 17 15 3 7 10 10 10 7 5 4 3 1 19 21 21 21 18 21 23 16 8 14 31 31 21 26 25 21 19 23 18 21 21 17 21 17 18 21 21 19 19 19 18 15 18 18 18 21 19 15 18 21 21 21 17 25 17 25 23 23 21 23 21 23 18 17 18 23 19 19 10 24 22 18 19 21 21 17 21 23 17 17 21 21 17 19 18 18 21 18 20 18 21 18 19 21 25 21 17 
18 15 21 21 18 17 18 21 18 19 18 20 18 18 23 26 12 5 7 7 4 4 7 10 7 7 17 18 15 21 15 2 3 7 10 10 10 10 10 4 3 21 21 18 21 18 21 18 16 7 27 31 31 21 17 19 17 21 21 23 23 23 18 21 23 23 21 21 19 21 20 20 15 19 23 26 20 23 19 19 19 18 18 21 23 21 23 23 23 21 21 18 21 23 23 15 18 21 21 16 20 31 17 17 20 17 21 21 23 20 21 17 19 21 20 17 18 21 18 21 21 21 15 19 18 18 15 15 
21 18 14 17 23 15 23 23 18 21 18 25 23 21 23 23 12 7 7 7 5 4 7 7 7 10 17 18 19 23 19 2 3 5 10 10 10 10 10 5 5 21 18 21 21 19 19 21 12 10 28 31 22 19 17 17 18 21 21 23 24 21 18 21 23 21 17 21 23 17 21 19 19 18 23 19 26 19 21 23 17 15 18 19 19 23 15 21 21 21 21 18 21 17 18 21 21 21 21 17 10 24 22 17 18 15 15 15 18 17 18 18 13 19 19 17 19 21 18 15 21 19 19 19 18 19 23 17 
23 24 24 26 27 17 23 25 18 17 21 25 28 22 23 17 12 7 7 7 5 4 5 7 7 7 15 21 21 17 17 4 1 5 7 10 10 10 10 5 8 15 21 18 18 23 18 17 7 10 28 31 17 21 18 17 21 15 15 25 18 21 18 18 17 21 17 25 18 15 21 21 18 21 18 21 23 18 23 19 23 25 18 26 21 18 17 17 17 25 21 18 23 18 16 18 15 24 18 23 10 14 31 24 23 16 15 15 19 15 25 21 19 18 18 15 19 19 21 25 23 17 15 18 15 25 21 17 
